0.000572
0
0.00567088
0.0084914
0.011302
0.0141028
0.0168937
0.0196748
0.0224461
0.0252077
0.0279596
0.0307018
0.0334343
0.0361572
0.0388705
0.0415743
0.0442685
0.0469532
0.0496284
0.0522942
0.0549506
0.0575976
0.0602353
0.0628636
0.0654827
0.0680924
0.070693
0.0732843
0.0758664
0.0784394
0.0810033
0.0835581
0.0861038
0.0886405
0.0911682
0.0936869
0.0961967
0.0986975
0.101189
0.103673
0.106147
0.108612
0.111069
0.113517
0.115956
0.118387
0.120808
0.123222
0.125626
0.128022
0.130409
0.132788
0.135159
0.137521
0.139874
0.142219
0.144556
0.146884
0.149204
0.151515
0.153819
0.156114
0.1584
0.160679
0.162949
0.165211
0.167466
0.169711
0.171949
0.174179
0.176401
0.178615
0.18082
0.183018
0.185208
0.18739
0.189564
0.19173
0.193889
0.196039
0.198182
0.200317
0.202444
0.204564
0.206676
0.20878
0.210876
0.212965
0.215047
0.217121
0.219187
0.221246
0.223297
0.225341
0.227377
0.229406
0.231427
0.233441
0.235448
0.237448
0.23944
0.241424
0.243402
0.245372
0.247335
0.249291
0.25124
0.253182
0.255116
0.257043
0.258964
0.260877
0.262783
0.264682
0.266574
0.26846
0.270338
0.272209
0.274074
0.275931
0.277782
0.279626
0.281463
0.283293
0.285116
0.286933
0.288743
0.290546
0.292343
0.294133
0.295916
0.297693
0.299463
0.301226
0.302983
0.304733
0.306477
0.308214
0.309945
0.311669
0.313387
0.315099
0.316804
0.318503
0.320195
0.321881
0.323561
0.325234
0.326901
0.328562
0.330217
0.331865
0.333507
0.335143
0.336773
0.338397
0.340014
0.341626
0.343231
0.34483
0.346424
0.348011
0.349592
0.351167
0.352737
0.3543
0.355857
0.357409
0.358954
0.360494
0.362028
0.363556
0.365078
0.366595
0.368105
0.36961
0.371109
0.372602
0.37409
0.375572
0.377048
0.378519
0.379984
0.381443
0.382897
0.384345
0.385788
0.387225
0.388656
0.390082
0.391503
0.392918
0.394327
0.395731
0.39713
0.398523
0.399911
0.401294
0.402671
0.404043
0.405409
0.40677
0.408126
0.409477
0.410822
0.412162
0.413497
0.414826
0.416151
0.41747
0.418784
0.420093
0.421397
0.422696
0.423989
0.425278
0.426561
0.42784
0.429113
0.430381
0.431645
0.432903
0.434156
0.435405
0.436648
0.437887
0.439121
0.440349
0.441573
0.442792
0.444007
0.445216
0.44642
0.44762
0.448815
0.450005
0.451191
0.452371
0.453547
0.454719
0.455885
0.457047
0.458204
0.459357
0.460505
0.461648
0.462787
0.463921
0.465051
0.466176
0.467296
0.468412
0.469523
0.47063
0.471732
0.47283
0.473924
0.475013
0.476097
0.477177
0.478253
0.479324
0.480391
0.481454
0.482512
0.483566
0.484616
0.485661
0.486702
0.487739
0.488771
0.489799
0.490823
0.491843
0.492858
0.493869
0.494876
0.495879
0.496878
0.497873
0.498863
0.499849
0.500832
0.50181
0.502784
0.503754
0.50472
0.505681
0.506639
0.507593
0.508543
0.509488
0.51043
0.511368
0.512302
0.513232
0.514158
0.51508
0.515998
0.516912
0.517823
0.518729
0.519632
0.520531
0.521426
0.522317
0.523204
0.524088
0.524967
0.525843
0.526716
0.527584
0.528449
0.52931
0.530167
0.531021
0.53187
0.532717
0.533559
0.534398
0.535233
0.536065
0.536893
0.537717
0.538538
0.539355
0.540169
0.540979
0.541785
0.542588
0.543387
0.544183
0.544976
0.545765
0.54655
0.547332
0.54811
0.548885
0.549657
0.550425
0.55119
0.551951
0.552709
0.553463
0.554214
0.554962
0.555706
0.556447
0.557185
0.557919
0.55865
0.559378
0.560103
0.560824
0.561542
0.562256
0.562968
0.563676
0.564381
0.565082
0.565781
0.566476
0.567168
0.567857
0.568543
0.569225
0.569904
0.570581
0.571254
0.571924
0.572591
0.573254
0.573915
0.574573
0.575227
0.575879
0.576527
0.577172
0.577815
0.578454
0.57909
0.579724
0.580354
0.580981
0.581606
0.582227
0.582845
0.583461
0.584073
0.584683
0.585289
0.585893
0.586494
0.587092
0.587687
0.588279
0.588868
0.589455
0.590038
0.590619
0.591197
0.591772
0.592344
0.592914
0.593481
0.594045
0.594606
0.595164
0.59572
0.596272
0.596823
0.59737
0.597915
0.598456
0.598996
0.599532
0.600066
0.600597
0.601126
0.601651
0.602175
0.602695
0.603213
0.603728
0.604241
0.604751
0.605258
0.605763
0.606265
0.606765
0.607262
0.607756
0.608248
0.608737
0.609224
0.609708
0.61019
0.610669
0.611146
0.61162
0.612092
0.612561
0.613028
0.613492
0.613954
0.614413
0.61487
0.615325
0.615777
0.616226
0.616674
0.617118
0.617561
0.618001
0.618438
0.618874
0.619307
0.619737
0.620165
0.620591
0.621014
0.621435
0.621854
0.622271
0.622685
0.623097
0.623506
0.623913
0.624318
0.624721
0.625122
0.62552
0.625916
0.626309
0.626701
0.62709
0.627477
0.627862
0.628244
0.628624
0.629003
0.629379
0.629752
0.630124
0.630493
0.63086
0.631226
0.631588
0.631949
0.632308
0.632664
0.633019
0.633371
0.633721
0.634069
0.634415
0.634759
0.635101
0.635441
0.635778
0.636114
0.636447
0.636779
0.637108
0.637436
0.637761
0.638084
0.638406
0.638725
0.639042
0.639358
0.639671
0.639982
0.640292
0.640599
0.640904
0.641208
0.641509
0.641809
0.642106
0.642402
0.642696
0.642988
0.643277
0.643565
0.643851
0.644136
0.644418
0.644698
0.644977
0.645253
0.645528
0.645801
0.646072
0.646341
0.646608
0.646874
0.647138
0.647399
0.647659
0.647918
0.648174
0.648428
0.648681
0.648932
0.649181
0.649429
0.649674
0.649918
0.65016
0.6504
0.650639
0.650876
0.651111
0.651344
0.651576
0.651805
0.652034
0.65226
0.652485
0.652708
0.652929
0.653148
0.653366
0.653583
0.653797
0.65401
0.654221
0.654431
0.654638
0.654845
0.655049
0.655252
0.655453
0.655653
0.655851
0.656047
0.656242
0.656435
0.656627
0.656817
0.657005
0.657192
0.657377
0.657561
0.657743
0.657923
0.658102
0.658279
0.658455
0.658629
0.658802
0.658973
0.659142
0.65931
0.659477
0.659642
0.659805
0.659967
0.660128
0.660287
0.660444
0.6606
0.660755
0.660908
0.661059
0.661209
0.661358
0.661505
0.66165
0.661794
0.661937
0.662078
0.662218
0.662356
0.662493
0.662629
0.662763
0.662896
0.663027
0.663157
0.663285
0.663412
0.663538
0.663662
0.663785
0.663906
0.664026
0.664145
0.664262
0.664378
0.664493
0.664606
0.664718
0.664828
0.664938
0.665045
0.665152
0.665257
0.665361
0.665463
0.665564
0.665664
0.665763
0.66586
0.665956
0.666051
0.666144
0.666236
0.666327
0.666416
0.666504
0.666591
0.666677
0.666761
0.666844
0.666926
0.667007
0.667086
0.667164
0.667241
0.667317
0.667391
0.667464
0.667536
0.667607
0.667676
0.667745
0.667812
0.667877
0.667942
0.668005
0.668068
0.668129
0.668189
0.668247
0.668305
0.668361
0.668416
0.66847
0.668523
0.668574
0.668625
0.668674
0.668722
0.668769
0.668815
0.66886
0.668903
0.668946
0.668987
0.669027
0.669066
0.669104
0.669141
0.669176
0.669211
0.669245
0.669277
0.669308
0.669338
0.669367
0.669395
0.669422
0.669448
0.669473
0.669496
0.669519
0.669541
0.669561
0.66958
0.669599
0.669616
0.669632
0.669647
0.669661
0.669675
0.669687
0.669698
0.669708
0.669716
0.669724
0.669731
0.669737
0.669742
0.669746
0.669749
0.669751
0.669751
0.669751
0.66975
0.669748
0.669745
0.669741
0.669735
0.669729
0.669722
0.669714
0.669705
0.669695
0.669684
0.669672
0.669659
0.669645
0.669631
0.669615
0.669598
0.66958
0.669562
0.669542
0.669522
0.6695
0.669478
0.669455
0.669431
0.669406
0.669379
0.669353
0.669325
0.669296
0.669266
0.669236
0.669204
0.669172
0.669139
0.669104
0.669069
0.669033
0.668997
0.668959
0.66892
0.668881
0.66884
0.668799
0.668757
0.668714
0.66867
0.668626
0.66858
0.668534
0.668487
0.668438
0.66839
0.66834
0.668289
0.668238
0.668185
0.668132
0.668078
0.668024
0.667968
0.667912
0.667854
0.667796
0.667737
0.667678
0.667617
0.667556
0.667494
0.667431
0.667367
0.667303
0.667237
0.667171
0.667104
0.667037
0.666968
0.666899
0.666829
0.666758
0.666687
0.666614
0.666541
0.666467
0.666393
0.666317
0.666241
0.666164
0.666087
0.666008
0.665929
0.665849
0.665769
0.665687
0.665605
0.665522
0.665438
0.665354
0.665269
0.665183
0.665097
0.665009
0.664921
0.664833
0.664743
0.664653
0.664562
0.664471
0.664378
0.664285
0.664192
0.664097
0.664002
0.663906
0.66381
0.663713
0.663615
0.663516
0.663417
0.663317
0.663216
0.663115
0.663013
0.662911
0.662807
0.662703
0.662599
0.662493
0.662387
0.662281
0.662173
0.662065
0.661957
0.661847
0.661737
0.661627
0.661516
0.661404
0.661291
0.661178
0.661064
0.66095
0.660835
0.660719
0.660602
0.660485
0.660368
0.66025
0.660131
0.660011
0.659891
0.65977
0.659649
0.659527
0.659404
0.659281
0.659157
0.659033
0.658908
0.658782
0.658656
0.658529
0.658402
0.658274
0.658145
0.658016
0.657886
0.657756
0.657625
0.657493
0.657361
0.657229
0.657095
0.656961
0.656827
0.656692
0.656556
0.65642
0.656284
0.656146
0.656008
0.65587
0.655731
0.655591
0.655451
0.655311
0.65517
0.655028
0.654885
0.654743
0.654599
0.654455
0.654311
0.654166
0.65402
0.653874
0.653727
0.65358
0.653432
0.653284
0.653135
0.652986
0.652836
0.652686
0.652535
0.652384
0.652232
0.652079
0.651926
0.651773
0.651619
0.651464
0.651309
0.651154
0.650998
0.650841
0.650684
0.650527
0.650369
0.65021
0.650051
0.649892
0.649732
0.649571
0.64941
0.649249
0.649087
0.648924
0.648761
0.648598
0.648434
0.648269
0.648104
0.647939
0.647773
0.647607
0.64744
0.647273
0.647105
0.646937
0.646768
0.646599
0.64643
0.64626
0.646089
0.645918
0.645747
0.645575
0.645402
0.64523
0.645056
0.644883
0.644708
0.644534
0.644359
0.644183
0.644007
0.643831
0.643654
0.643477
0.643299
0.643121
0.642943
0.642764
0.642584
0.642404
0.642224
0.642043
0.641862
0.64168
0.641498
0.641316
0.641133
0.64095
0.640766
0.640582
0.640398
0.640213
0.640027
0.639842
0.639655
0.639469
0.639282
0.639094
0.638907
0.638718
0.63853
0.638341
0.638151
0.637961
0.637771
0.637581
0.63739
0.637198
0.637006
0.636814
0.636622
0.636429
0.636235
0.636041
0.635847
0.635653
0.635458
0.635263
0.635067
0.634871
0.634674
0.634478
0.63428
0.634083
0.633885
0.633687
0.633488
0.633289
0.633089
0.63289
0.632689
0.632489
0.632288
0.632087
0.631885
0.631683
0.631481
0.631278
0.631075
0.630872
0.630668
0.630464
0.630259
0.630054
0.629849
0.629644
0.629438
0.629232
0.629025
0.628818
0.628611
0.628403
0.628195
0.627987
0.627778
0.627569
0.62736
0.62715
0.62694
0.62673
0.626519
0.626308
0.626097
0.625885
0.625673
0.625461
0.625249
0.625036
0.624822
0.624609
0.624395
0.62418
0.623966
0.623751
0.623536
0.62332
0.623104
0.622888
0.622672
0.622455
0.622238
0.62202
0.621803
0.621585
0.621366
0.621147
0.620929
0.620709
0.62049
0.62027
0.62005
0.619829
0.619608
0.619387
0.619166
0.618944
0.618722
0.6185
0.618277
0.618054
0.617831
0.617608
0.617384
0.61716
0.616935
0.616711
0.616486
0.616261
0.616035
0.615809
0.615583
0.615357
0.61513
0.614903
0.614676
0.614449
0.614221
0.613993
0.613764
0.613536
0.613307
0.613078
0.612848
0.612619
0.612389
0.612158
0.611928
0.611697
0.611466
0.611235
0.611003
0.610771
0.610539
0.610307
0.610074
0.609841
0.609608
0.609374
0.609141
0.608907
0.608673
0.608438
0.608203
0.607968
0.607733
0.607498
0.607262
0.607026
0.606789
0.606553
0.606316
0.606079
0.605842
0.605604
0.605367
0.605129
0.60489
0.604652
0.604413
0.604174
0.603935
0.603695
0.603455
0.603216
0.602975
0.602735
0.602494
0.602253
0.602012
0.601771
0.601529
0.601287
0.601045
0.600803
0.60056
0.600317
0.600074
0.599831
0.599587
0.599344
0.5991
0.598856
0.598611
0.598367
0.598122
0.597877
0.597631
0.597386
0.59714
0.596894
0.596648
0.596401
0.596155
0.595908
0.595661
0.595413
0.595166
0.594918
0.59467
0.594422
0.594174
0.593925
0.593676
0.593427
0.593178
0.592929
0.592679
0.592429
0.592179
0.591929
0.591678
0.591427
0.591177
0.590925
0.590674
0.590423
0.590171
0.589919
0.589667
0.589415
0.589162
0.588909
0.588656
0.588403
0.58815
0.587896
0.587643
0.587389
0.587135
0.58688
0.586626
0.586371
0.586116
0.585861
0.585606
0.58535
0.585095
0.584839
0.584583
0.584326
0.58407
0.583813
0.583557
0.5833
0.583042
0.582785
0.582527
0.58227
0.582012
0.581754
0.581495
0.581237
0.580978
0.580719
0.58046
0.580201
0.579942
0.579682
0.579423
0.579163
0.578903
0.578642
0.578382
0.578121
0.57786
0.577599
0.577338
0.577077
0.576815
0.576554
0.576292
0.57603
0.575768
0.575505
0.575243
0.57498
0.574717
0.574454
0.574191
0.573928
0.573664
0.573401
0.573137
0.572873
0.572609
0.572344
0.57208
0.571815
0.57155
0.571285
0.57102
0.570755
0.570489
0.570224
0.569958
0.569692
0.569426
0.569159
0.568893
0.568626
0.56836
0.568093
0.567826
0.567558
0.567291
0.567024
0.566756
0.566488
0.56622
0.565952
0.565684
0.565415
0.565147
0.564878
0.564609
0.56434
0.564071
0.563801
0.563532
0.563262
0.562993
0.562723
0.562453
0.562182
0.561912
0.561641
0.561371
0.5611
0.560829
0.560558
0.560287
0.560015
0.559744
0.559472
0.559201
0.558929
0.558657
0.558384
0.558112
0.55784
0.557567
0.557294
0.557021
0.556748
0.556475
0.556202
0.555928
0.555655
0.555381
0.555107
0.554833
0.554559
0.554285
0.554011
0.553736
0.553461
0.553187
0.552912
0.552637
0.552362
0.552086
0.551811
0.551535
0.55126
0.550984
0.550708
0.550432
0.550156
0.549879
0.549603
0.549326
0.54905
0.548773
0.548496
0.548219
0.547942
0.547665
0.547387
0.54711
0.546832
0.546554
0.546276
0.545998
0.54572
0.545442
0.545163
0.544885
0.544606
0.544327
0.544049
0.54377
0.543491
0.543211
0.542932
0.542653
0.542373
0.542093
0.541814
0.541534
0.541254
0.540973
0.540693
0.540413
0.540132
0.539852
0.539571
0.53929
0.539009
0.538728
0.538447
0.538166
0.537885
0.537603
0.537321
0.53704
0.536758
0.536476
0.536194
0.535912
0.53563
0.535347
0.535065
0.534782
0.5345
0.534217
0.533934
0.533651
0.533368
0.533085
0.532801
0.532518
0.532235
0.531951
0.531667
0.531383
0.5311
0.530816
0.530531
0.530247
0.529963
0.529679
0.529394
0.529109
0.528825
0.52854
0.528255
0.52797
0.527685
0.5274
0.527114
0.526829
0.526543
0.526258
0.525972
0.525686
0.5254
0.525114
0.524828
0.524542
0.524256
0.52397
0.523683
0.523397
0.52311
0.522823
0.522536
0.52225
0.521962
0.521675
0.521388
0.521101
0.520814
0.520526
0.520239
0.519951
0.519663
0.519375
0.519087
0.518799
0.518511
0.518223
0.517935
0.517646
0.517358
0.517069
0.516781
0.516492
0.516203
0.515914
0.515626
0.515336
0.515047
0.514758
0.514469
0.514179
0.51389
0.5136
0.513311
0.513021
0.512731
0.512441
0.512151
0.511861
0.511571
0.511281
0.510991
0.5107
0.51041
0.510119
0.509829
0.509538
0.509247
0.508956
0.508665
0.508374
0.508083
0.507792
0.507501
0.507209
0.506918
0.506626
0.506335
0.506043
0.505751
0.50546
0.505168
0.504876
0.504584
0.504292
0.503999
0.503707
0.503415
0.503122
0.50283
0.502537
0.502245
0.501952
0.501659
0.501366
0.501073
0.50078
0.500487
0.500194
0.499901
0.499607
0.499314
0.499021
0.498727
0.498434
0.49814
0.497846
0.497552
0.497258
0.496964
0.49667
0.496376
0.496082
0.495788
0.495494
0.495199
0.494905
0.49461
0.494316
0.494021
0.493727
0.493432
0.493137
0.492842
0.492547
0.492252
0.491957
0.491662
0.491366
0.491071
0.490776
0.49048
0.490185
0.489889
0.489594
0.489298
0.489002
0.488706
0.48841
0.488115
0.487819
0.487522
0.487226
0.48693
0.486634
0.486337
0.486041
0.485745
0.485448
0.485152
0.484855
0.484558
0.484261
0.483965
0.483668
0.483371
0.483074
0.482777
0.48248
0.482182
0.481885
0.481588
0.48129
0.480993
0.480696
0.480398
0.4801
0.479803
0.479505
0.479207
0.478909
0.478611
0.478314
0.478015
0.477717
0.477419
0.477121
0.476823
0.476525
0.476226
0.475928
0.475629
0.475331
0.475032
0.474734
0.474435
0.474136
0.473837
0.473539
0.47324
0.472941
0.472642
0.472343
0.472044
0.471744
0.471445
0.471146
0.470846
0.470547
0.470248
0.469948
0.469649
0.469349
0.469049
0.46875
0.46845
0.46815
0.46785
0.46755
0.46725
0.46695
0.46665
0.46635
0.46605
0.46575
0.46545
0.465149
0.464849
0.464548
0.464248
0.463947
0.463647
0.463346
0.463046
0.462745
0.462444
0.462143
0.461842
0.461542
0.461241
0.46094
0.460639
0.460337
0.460036
0.459735
0.459434
0.459133
0.458831
0.45853
0.458228
0.457927
0.457626
0.457324
0.457022
0.456721
0.456419
0.456117
0.455815
0.455514
0.455212
0.45491
0.454608
0.454306
0.454004
0.453702
0.453399
0.453097
0.452795
0.452493
0.45219
0.451888
0.451586
0.451283
0.450981
0.450678
0.450376
0.450073
0.44977
0.449468
0.449165
0.448862
0.448559
0.448256
0.447953
0.44765
0.447347
0.447044
0.446741
0.446438
0.446135
0.445832
0.445528
0.445225
0.444922
0.444618
0.444315
0.444012
0.443708
0.443405
0.443101
0.442797
0.442494
0.44219
0.441886
0.441582
0.441279
0.440975
0.440671
0.440367
0.440063
0.439759
0.439455
0.439151
0.438847
0.438543
0.438238
0.437934
0.43763
0.437326
0.437021
0.436717
0.436412
0.436108
0.435803
0.435499
0.435194
0.43489
0.434585
0.43428
0.433976
0.433671
0.433366
0.433061
0.432757
0.432452
0.432147
0.431842
0.431537
0.431232
0.430927
0.430622
0.430316
0.430011
0.429706
0.429401
0.429096
0.42879
0.428485
0.428179
0.427874
0.427569
0.427263
0.426958
0.426652
0.426346
0.426041
0.425735
0.42543
0.425124
0.424818
0.424512
0.424206
0.423901
0.423595
0.423289
0.422983
0.422677
0.422371
0.422065
0.421759
0.421453
0.421147
0.42084
0.420534
0.420228
0.419922
0.419615
0.419309
0.419003
0.418696
0.41839
0.418083
0.417777
0.417471
0.417164
0.416857
0.416551
0.416244
0.415938
0.415631
0.415324
0.415017
0.414711
0.414404
0.414097
0.41379
0.413483
0.413176
0.412869
0.412562
0.412255
0.411948
0.411641
0.411334
0.411027
0.41072
0.410413
0.410105
0.409798
0.409491
0.409184
0.408876
0.408569
0.408262
0.407954
0.407647
0.407339
0.407032
0.406724
0.406417
0.406109
0.405802
0.405494
0.405186
0.404879
0.404571
0.404263
0.403955
0.403648
0.40334
0.403032
0.402724
0.402416
0.402108
0.4018
0.401492
0.401184
0.400876
0.400568
0.40026
0.399952
0.399644
0.399336
0.399028
0.39872
0.398411
0.398103
0.397795
0.397486
0.397178
0.39687
0.396561
0.396253
0.395945
0.395636
0.395328
0.395019
0.394711
0.394402
0.394094
0.393785
0.393476
0.393168
0.392859
0.39255
0.392242
0.391933
0.391624
0.391315
0.391007
0.390698
0.390389
0.39008
0.389771
0.389462
0.389153
0.388844
0.388535
0.388226
0.387917
0.387608
0.387299
0.38699
0.386681
0.386372
0.386063
0.385754
0.385444
0.385135
0.384826
0.384517
0.384207
0.383898
0.383589
0.383279
0.38297
0.382661
0.382351
0.382042
0.381732
0.381423
0.381113
0.380804
0.380494
0.380185
0.379875
0.379565
0.379256
0.378946
0.378636
0.378327
0.378017
0.377707
0.377397
0.377088
0.376778
0.376468
0.376158
0.375848
0.375539
0.375229
0.374919
0.374609
0.374299
0.373989
0.373679
0.373369
0.373059
0.372749
0.372439
0.372129
0.371819
0.371508
0.371198
0.370888
0.370578
0.370268
0.369957
0.369647
0.369337
0.369027
0.368716
0.368406
0.368096
0.367785
0.367475
0.367165
0.366854
0.366544
0.366233
0.365923
0.365612
0.365302
0.364991
0.364681
0.36437
0.36406
0.363749
0.363439
0.363128
0.362817
0.362507
0.362196
0.361885
0.361575
0.361264
0.360953
0.360642
0.360332
0.360021
0.35971
0.359399
0.359088
0.358778
0.358467
0.358156
0.357845
0.357534
0.357223
0.356912
0.356601
0.35629
0.355979
0.355668
0.355357
0.355046
0.354735
0.354424
0.354113
0.353802
0.35349
0.353179
0.352868
0.352557
0.352246
0.351935
0.351623
0.351312
0.351001
0.35069
0.350378
0.350067
0.349756
0.349444
0.349133
0.348822
0.34851
0.348199
0.347887
0.347576
0.347265
0.346953
0.346642
0.34633
0.346019
0.345707
0.345396
0.345084
0.344772
0.344461
0.344149
0.343838
0.343526
0.343214
0.342903
0.342591
0.342279
0.341968
0.341656
0.341344
0.341033
0.340721
0.340409
0.340097
0.339786
0.339474
0.339162
0.33885
0.338538
0.338226
0.337915
0.337603
0.337291
0.336979
0.336667
0.336355
0.336043
0.335731
0.335419
0.335107
0.334795
0.334483
0.334171
0.333859
0.333547
0.333235
0.332923
0.332611
0.332299
0.331987
0.331675
0.331362
0.33105
0.330738
0.330426
0.330114
0.329801
0.329489
0.329177
0.328865
0.328553
0.32824
0.327928
0.327616
0.327303
0.326991
0.326679
0.326366
0.326054
0.325742
0.325429
0.325117
0.324805
0.324492
0.32418
0.323867
0.323555
0.323242
0.32293
0.322617
0.322305
0.321992
0.32168
0.321367
0.321055
0.320742
0.32043
0.320117
0.319805
0.319492
0.319179
0.318867
0.318554
0.318242
0.317929
0.317616
0.317304
0.316991
0.316678
0.316365
0.316053
0.31574
0.315427
0.315115
0.314802
0.314489
0.314176
0.313863
0.313551
0.313238
0.312925
0.312612
0.312299
0.311987
0.311674
0.311361
0.311048
0.310735
0.310422
0.310109
0.309796
0.309483
0.30917
0.308857
0.308544
0.308231
0.307918
0.307605
0.307292
0.306979
0.306666
0.306353
0.30604
0.305727
0.305414
0.305101
0.304788
0.304475
0.304162
0.303849
0.303536
0.303223
0.302909
0.302596
0.302283
0.30197
0.301657
0.301344
0.30103
0.300717
0.300404
0.300091
0.299777
0.299464
0.299151
0.298838
0.298524
0.298211
0.297898
0.297585
0.297271
0.296958
0.296645
0.296331
0.296018
0.295705
0.295391
0.295078
0.294764
0.294451
0.294138
0.293824
0.293511
0.293197
0.292884
0.292571
0.292257
0.291944
0.29163
0.291317
0.291003
0.29069
0.290376
0.290063
0.289749
0.289436
0.289122
0.288809
0.288495
0.288182
0.287868
0.287554
0.287241
0.286927
0.286614
0.2863
0.285986
0.285673
0.285359
0.285046
0.284732
0.284418
0.284105
0.283791
0.283477
0.283164
0.28285
0.282536
0.282223
0.281909
0.281595
0.281281
0.280968
0.280654
0.28034
0.280026
0.279713
0.279399
0.279085
0.278771
0.278457
0.278144
0.27783
0.277516
0.277202
0.276888
0.276575
0.276261
0.275947
0.275633
0.275319
0.275005
0.274691
0.274377
0.274064
0.27375
0.273436
0.273122
0.272808
0.272494
0.27218
0.271866
0.271552
0.271238
0.270924
0.27061
0.270296
0.269982
0.269668
0.269354
0.26904
0.268726
0.268412
0.268098
0.267784
0.26747
0.267156
0.266842
0.266528
0.266214
0.2659
0.265586
0.265272
0.264958
0.264643
0.264329
0.264015
0.263701
0.263387
0.263073
0.262759
0.262445
0.26213
0.261816
0.261502
0.261188
0.260874
0.26056
0.260245
0.259931
0.259617
0.259303
0.258989
0.258674
0.25836
0.258046
0.257732
0.257417
0.257103
0.256789
0.256475
0.25616
0.255846
0.255532
0.255217
0.254903
0.254589
0.254275
0.25396
0.253646
0.253332
0.253017
0.252703
0.252389
0.252074
0.25176
0.251446
0.251131
0.250817
0.250503
0.250188
0.249874
0.249559
0.249245
0.248931
0.248616
0.248302
0.247987
0.247673
0.247358
0.247044
0.24673
0.246415
0.246101
0.245786
0.245472
0.245157
0.244843
0.244528
0.244214
0.243899
0.243585
0.24327
0.242956
0.242641
0.242327
0.242012
0.241698
0.241383
0.241069
0.240754
0.24044
0.240125
0.239811
0.239496
0.239182
0.238867
0.238552
0.238238
0.237923
0.237609
0.237294
0.236979
0.236665
0.23635
0.236036
0.235721
0.235406
0.235092
0.234777
0.234463
0.234148
0.233833
0.233519
0.233204
0.232889
0.232575
0.23226
0.231945
0.231631
0.231316
0.231001
0.230687
0.230372
0.230057
0.229742
0.229428
0.229113
0.228798
0.228484
0.228169
0.227854
0.227539
0.227225
0.22691
0.226595
0.22628
0.225966
0.225651
0.225336
0.225021
0.224707
0.224392
0.224077
0.223762
0.223447
0.223133
0.222818
0.222503
0.222188
0.221873
0.221559
0.221244
0.220929
0.220614
0.220299
0.219984
0.21967
0.219355
0.21904
0.218725
0.21841
0.218095
0.21778
0.217466
0.217151
0.216836
0.216521
0.216206
0.215891
0.215576
0.215261
0.214946
0.214632
0.214317
0.214002
0.213687
0.213372
0.213057
0.212742
0.212427
0.212112
0.211797
0.211482
0.211167
0.210852
0.210537
0.210222
0.209907
0.209593
0.209278
0.208963
0.208648
0.208333
0.208018
0.207703
0.207388
0.207073
0.206758
0.206443
0.206128
0.205813
0.205498
0.205183
0.204868
0.204553
0.204237
0.203922
0.203607
0.203292
0.202977
0.202662
0.202347
0.202032
0.201717
0.201402
0.201087
0.200772
0.200457
0.200142
0.199827
0.199512
0.199197
0.198881
0.198566
0.198251
0.197936
0.197621
0.197306
0.196991
0.196676
0.196361
0.196046
0.19573
0.195415
0.1951
0.194785
0.19447
0.194155
0.19384
0.193524
0.193209
0.192894
0.192579
0.192264
0.191949
0.191634
0.191318
0.191003
0.190688
0.190373
0.190058
0.189743
0.189427
0.189112
0.188797
0.188482
0.188167
0.187851
0.187536
0.187221
0.186906
0.186591
0.186275
0.18596
0.185645
0.18533
0.185014
0.184699
0.184384
0.184069
0.183754
0.183438
0.183123
0.182808
0.182493
0.182177
0.181862
0.181547
0.181232
0.180916
0.180601
0.180286
0.179971
0.179655
0.17934
0.179025
0.178709
0.178394
0.178079
0.177764
0.177448
0.177133
0.176818
0.176502
0.176187
0.175872
0.175556
0.175241
0.174926
0.174611
0.174295
0.17398
0.173665
0.173349
0.173034
0.172719
0.172403
0.172088
0.171773
0.171457
0.171142
0.170827
0.170511
0.170196
0.16988
0.169565
0.16925
0.168934
0.168619
0.168304
0.167988
0.167673
0.167358
0.167042
0.166727
0.166411
0.166096
0.165781
0.165465
0.16515
0.164834
0.164519
0.164204
0.163888
0.163573
0.163257
0.162942
0.162627
0.162311
0.161996
0.16168
0.161365
0.16105
0.160734
0.160419
0.160103
0.159788
0.159472
0.159157
0.158842
0.158526
0.158211
0.157895
0.15758
0.157264
0.156949
0.156633
0.156318
0.156003
0.155687
0.155372
0.155056
0.154741
0.154425
0.15411
0.153794
0.153479
0.153163
0.152848
0.152532
0.152217
0.151901
0.151586
0.15127
0.150955
0.15064
0.150324
0.150009
0.149693
0.149378
0.149062
0.148747
0.148431
0.148116
0.1478
0.147484
0.147169
0.146853
0.146538
0.146222
0.145907
0.145591
0.145276
0.14496
0.144645
0.144329
0.144014
0.143698
0.143383
0.143067
0.142752
0.142436
0.14212
0.141805
0.141489
0.141174
0.140858
0.140543
0.140227
0.139912
0.139596
0.139281
0.138965
0.138649
0.138334
0.138018
0.137703
0.137387
0.137072
0.136756
0.13644
0.136125
0.135809
0.135494
0.135178
0.134862
0.134547
0.134231
0.133916
0.1336
0.133284
0.132969
0.132653
0.132338
0.132022
0.131706
0.131391
0.131075
0.13076
0.130444
0.130128
0.129813
0.129497
0.129182
0.128866
0.12855
0.128235
0.127919
0.127603
0.127288
0.126972
0.126657
0.126341
0.126025
0.12571
0.125394
0.125078
0.124763
0.124447
0.124132
0.123816
0.1235
0.123185
0.122869
0.122553
0.122238
0.121922
0.121606
0.121291
0.120975
0.120659
0.120344
0.120028
0.119712
0.119397
0.119081
0.118765
0.11845
0.118134
0.117818
0.117503
0.117187
0.116871
0.116556
0.11624
0.115924
0.115609
0.115293
0.114977
0.114662
0.114346
0.11403
0.113714
0.113399
0.113083
0.112767
0.112452
0.112136
0.11182
0.111505
0.111189
0.110873
0.110557
0.110242
0.109926
0.10961
0.109295
0.108979
0.108663
0.108347
0.108032
0.107716
0.1074
0.107085
0.106769
0.106453
0.106137
0.105822
0.105506
0.10519
0.104874
0.104559
0.104243
0.103927
0.103612
0.103296
0.10298
0.102664
0.102349
0.102033
0.101717
0.101401
0.101086
0.10077
0.100454
0.100138
0.0998226
0.0995069
0.0991911
0.0988754
0.0985596
0.0982439
0.0979281
0.0976124
0.0972966
0.0969808
0.0966651
0.0963493
0.0960335
0.0957178
0.095402
0.0950862
0.0947705
0.0944547
0.0941389
0.0938232
0.0935074
0.0931916
0.0928758
0.09256
0.0922443
0.0919285
0.0916127
0.0912969
0.0909811
0.0906654
0.0903496
0.0900338
0.089718
0.0894022
0.0890864
0.0887706
0.0884548
0.088139
0.0878232
0.0875074
0.0871917
0.0868759
0.0865601
0.0862443
0.0859285
0.0856126
0.0852968
0.084981
0.0846652
0.0843494
0.0840336
0.0837178
0.083402
0.0830862
0.0827704
0.0824546
0.0821388
0.0818229
0.0815071
0.0811913
0.0808755
0.0805597
0.0802439
0.079928
0.0796122
0.0792964
0.0789806
0.0786647
0.0783489
0.0780331
0.0777173
0.0774014
0.0770856
0.0767698
0.0764539
0.0761381
0.0758223
0.0755064
0.0751906
0.0748748
0.0745589
0.0742431
0.0739272
0.0736114
0.0732956
0.0729797
0.0726639
0.072348
0.0720322
0.0717163
0.0714005
0.0710846
0.0707688
0.0704529
0.0701371
0.0698212
0.0695054
0.0691895
0.0688737
0.0685578
0.068242
0.0679261
0.0676103
0.0672944
0.0669785
0.0666627
0.0663468
0.0660309
0.0657151
0.0653992
0.0650834
0.0647675
0.0644516
0.0641358
0.0638199
0.063504
0.0631881
0.0628723
0.0625564
0.0622405
0.0619247
0.0616088
0.0612929
0.060977
0.0606612
0.0603453
0.0600294
0.0597135
0.0593976
0.0590818
0.0587659
0.05845
0.0581341
0.0578182
0.0575023
0.0571864
0.0568706
0.0565547
0.0562388
0.0559229
0.055607
0.0552911
0.0549752
0.0546593
0.0543434
0.0540275
0.0537116
0.0533958
0.0530799
0.052764
0.0524481
0.0521322
0.0518163
0.0515004
0.0511845
0.0508686
0.0505527
0.0502368
0.0499209
0.0496049
0.049289
0.0489731
0.0486572
0.0483413
0.0480254
0.0477095
0.0473936
0.0470777
0.0467618
0.0464459
0.0461299
0.045814
0.0454981
0.0451822
0.0448663
0.0445504
0.0442345
0.0439185
0.0436026
0.0432867
0.0429708
0.0426549
0.0423389
0.042023
0.0417071
0.0413912
0.0410752
0.0407593
0.0404434
0.0401275
0.0398115
0.0394956
0.0391797
0.0388638
0.0385478
0.0382319
0.037916
0.0376
0.0372841
0.0369682
0.0366522
0.0363363
0.0360204
0.0357044
0.0353885
0.0350726
0.0347566
0.0344407
0.0341247
0.0338088
0.0334929
0.0331769
0.032861
0.032545
0.0322291
0.0319132
0.0315972
0.0312813
0.0309653
0.0306494
0.0303334
0.0300175
0.0297015
0.0293856
0.0290696
0.0287537
0.0284377
0.0281218
0.0278058
0.0274899
0.0271739
0.026858
0.026542
0.0262261
0.0259101
0.0255942
0.0252782
0.0249623
0.0246463
0.0243303
0.0240144
0.0236984
0.0233825
0.0230665
0.0227505
0.0224346
0.0221186
0.0218027
0.0214867
0.0211707
0.0208548
0.0205388
0.0202228
0.0199069
0.0195909
0.0192749
0.018959
0.018643
0.018327
0.0180111
0.0176951
0.0173791
0.0170632
0.0167472
0.0164312
0.0161152
0.0157993
0.0154833
0.0151673
0.0148514
0.0145354
0.0142194
0.0139034
0.0135874
0.0132715
0.0129555
0.0126395
0.0123235
0.0120076
0.0116916
0.0113756
0.0110596
0.0107436
0.0104277
0.0101117
0.00979569
0.00947971
0.00916373
0.00884774
0.00853176
0.00821577
0.00789979
0.0075838
0.00726782
0.00695183
0.00663584
0.00631986
0.00600387
0.00568788
0.00537189
0.0050559
0.00473991
0.00442392
0.00410793
0.00379194
0.00347594
0.00315995
0.00284396
0.00252796
0.00221197
0.00189598
0.00157998
0.00126399
0.00094799
0.000631994
0.000315997
