0
0.00179983
0.00269824
0.00359566
0.00449208
0.00538751
0.00628194
0.00717537
0.00806782
0.00895927
0.00984973
0.0107392
0.0116277
0.0125152
0.0134017
0.0142872
0.0151717
0.0160553
0.0169378
0.0178194
0.0187
0.0195797
0.0204583
0.021336
0.0222127
0.0230884
0.0239631
0.0248369
0.0257097
0.0265815
0.0274523
0.0283222
0.0291911
0.030059
0.030926
0.031792
0.032657
0.0335211
0.0343842
0.0352464
0.0361076
0.0369678
0.037827
0.0386853
0.0395427
0.0403991
0.0412545
0.042109
0.0429625
0.0438151
0.0446667
0.0455174
0.0463671
0.0472159
0.0480637
0.0489106
0.0497565
0.0506015
0.0514455
0.0522886
0.0531307
0.053972
0.0548122
0.0556515
0.0564899
0.0573274
0.0581639
0.0589995
0.0598341
0.0606678
0.0615006
0.0623324
0.0631634
0.0639933
0.0648224
0.0656505
0.0664777
0.067304
0.0681293
0.0689537
0.0697772
0.0705998
0.0714214
0.0722422
0.073062
0.0738809
0.0746988
0.0755159
0.076332
0.0771472
0.0779615
0.0787749
0.0795874
0.080399
0.0812096
0.0820194
0.0828282
0.0836361
0.0844431
0.0852492
0.0860544
0.0868587
0.0876621
0.0884646
0.0892662
0.0900669
0.0908667
0.0916656
0.0924636
0.0932607
0.0940569
0.0948522
0.0956466
0.0964401
0.0972327
0.0980244
0.0988153
0.0996052
0.100394
0.101182
0.10197
0.102756
0.103542
0.104326
0.10511
0.105893
0.106675
0.107456
0.108236
0.109015
0.109794
0.110571
0.111348
0.112124
0.112899
0.113673
0.114446
0.115218
0.11599
0.11676
0.11753
0.118299
0.119067
0.119834
0.1206
0.121366
0.12213
0.122894
0.123657
0.124419
0.12518
0.12594
0.126699
0.127458
0.128215
0.128972
0.129728
0.130483
0.131237
0.13199
0.132743
0.133495
0.134245
0.134995
0.135744
0.136493
0.13724
0.137987
0.138732
0.139477
0.140221
0.140964
0.141707
0.142448
0.143189
0.143928
0.144667
0.145405
0.146143
0.146879
0.147615
0.14835
0.149084
0.149817
0.150549
0.15128
0.152011
0.152741
0.15347
0.154198
0.154925
0.155651
0.156377
0.157102
0.157826
0.158549
0.159271
0.159993
0.160714
0.161433
0.162153
0.162871
0.163588
0.164305
0.165021
0.165736
0.16645
0.167163
0.167876
0.168587
0.169298
0.170008
0.170718
0.171426
0.172134
0.172841
0.173547
0.174252
0.174956
0.17566
0.176363
0.177065
0.177766
0.178466
0.179166
0.179865
0.180563
0.18126
0.181957
0.182652
0.183347
0.184041
0.184734
0.185427
0.186119
0.186809
0.1875
0.188189
0.188877
0.189565
0.190252
0.190938
0.191624
0.192308
0.192992
0.193675
0.194357
0.195039
0.195719
0.196399
0.197078
0.197757
0.198434
0.199111
0.199787
0.200462
0.201137
0.20181
0.202483
0.203155
0.203827
0.204497
0.205167
0.205836
0.206504
0.207172
0.207839
0.208504
0.20917
0.209834
0.210498
0.211161
0.211823
0.212484
0.213145
0.213805
0.214464
0.215122
0.21578
0.216437
0.217093
0.217748
0.218403
0.219056
0.219709
0.220362
0.221013
0.221664
0.222314
0.222963
0.223612
0.22426
0.224907
0.225553
0.226199
0.226844
0.227488
0.228131
0.228774
0.229415
0.230057
0.230697
0.231337
0.231975
0.232614
0.233251
0.233888
0.234524
0.235159
0.235793
0.236427
0.23706
0.237692
0.238324
0.238955
0.239585
0.240214
0.240843
0.24147
0.242098
0.242724
0.24335
0.243975
0.244599
0.245222
0.245845
0.246467
0.247089
0.247709
0.248329
0.248948
0.249567
0.250185
0.250802
0.251418
0.252034
0.252649
0.253263
0.253876
0.254489
0.255101
0.255712
0.256323
0.256933
0.257542
0.258151
0.258758
0.259365
0.259972
0.260577
0.261182
0.261787
0.26239
0.262993
0.263595
0.264197
0.264797
0.265397
0.265997
0.266595
0.267193
0.267791
0.268387
0.268983
0.269578
0.270173
0.270766
0.271359
0.271952
0.272543
0.273134
0.273725
0.274314
0.274903
0.275492
0.276079
0.276666
0.277252
0.277838
0.278422
0.279006
0.27959
0.280173
0.280755
0.281336
0.281917
0.282497
0.283076
0.283655
0.284233
0.28481
0.285387
0.285963
0.286538
0.287113
0.287687
0.28826
0.288832
0.289404
0.289976
0.290546
0.291116
0.291685
0.292254
0.292822
0.293389
0.293956
0.294521
0.295087
0.295651
0.296215
0.296778
0.297341
0.297903
0.298464
0.299025
0.299585
0.300144
0.300702
0.30126
0.301818
0.302374
0.30293
0.303486
0.30404
0.304594
0.305148
0.3057
0.306252
0.306804
0.307355
0.307905
0.308454
0.309003
0.309551
0.310099
0.310645
0.311192
0.311737
0.312282
0.312826
0.31337
0.313913
0.314455
0.314997
0.315538
0.316078
0.316618
0.317157
0.317696
0.318234
0.318771
0.319308
0.319844
0.320379
0.320914
0.321448
0.321981
0.322514
0.323046
0.323577
0.324108
0.324639
0.325168
0.325697
0.326226
0.326753
0.32728
0.327807
0.328333
0.328858
0.329383
0.329907
0.33043
0.330953
0.331475
0.331996
0.332517
0.333037
0.333557
0.334076
0.334594
0.335112
0.335629
0.336146
0.336662
0.337177
0.337692
0.338206
0.338719
0.339232
0.339744
0.340256
0.340767
0.341277
0.341787
0.342296
0.342805
0.343313
0.34382
0.344327
0.344833
0.345339
0.345844
0.346348
0.346852
0.347355
0.347857
0.348359
0.34886
0.349361
0.349861
0.350361
0.35086
0.351358
0.351856
0.352353
0.352849
0.353345
0.353841
0.354335
0.35483
0.355323
0.355816
0.356308
0.3568
0.357291
0.357782
0.358272
0.358761
0.35925
0.359738
0.360226
0.360713
0.361199
0.361685
0.362171
0.362655
0.363139
0.363623
0.364106
0.364588
0.36507
0.365551
0.366032
0.366512
0.366991
0.36747
0.367949
0.368426
0.368904
0.36938
0.369856
0.370332
0.370806
0.371281
0.371754
0.372227
0.3727
0.373172
0.373643
0.374114
0.374585
0.375054
0.375523
0.375992
0.37646
0.376927
0.377394
0.37786
0.378326
0.378791
0.379256
0.37972
0.380183
0.380646
0.381109
0.38157
0.382032
0.382492
0.382952
0.383412
0.383871
0.384329
0.384787
0.385245
0.385701
0.386157
0.386613
0.387068
0.387523
0.387977
0.38843
0.388883
0.389335
0.389787
0.390238
0.390689
0.391139
0.391588
0.392037
0.392486
0.392934
0.393381
0.393828
0.394274
0.39472
0.395165
0.39561
0.396054
0.396497
0.39694
0.397383
0.397825
0.398266
0.398707
0.399147
0.399587
0.400026
0.400465
0.400903
0.401341
0.401778
0.402214
0.40265
0.403086
0.40352
0.403955
0.404389
0.404822
0.405255
0.405687
0.406119
0.40655
0.40698
0.407411
0.40784
0.408269
0.408698
0.409126
0.409553
0.40998
0.410407
0.410832
0.411258
0.411683
0.412107
0.412531
0.412954
0.413377
0.413799
0.414221
0.414642
0.415063
0.415483
0.415902
0.416321
0.41674
0.417158
0.417576
0.417993
0.418409
0.418825
0.419241
0.419656
0.42007
0.420484
0.420897
0.42131
0.421723
0.422135
0.422546
0.422957
0.423367
0.423777
0.424186
0.424595
0.425003
0.425411
0.425818
0.426225
0.426632
0.427037
0.427443
0.427847
0.428252
0.428655
0.429059
0.429461
0.429864
0.430265
0.430667
0.431067
0.431468
0.431867
0.432267
0.432665
0.433063
0.433461
0.433858
0.434255
0.434651
0.435047
0.435442
0.435837
0.436232
0.436625
0.437019
0.437411
0.437804
0.438195
0.438587
0.438978
0.439368
0.439758
0.440147
0.440536
0.440924
0.441312
0.4417
0.442087
0.442473
0.442859
0.443244
0.443629
0.444014
0.444398
0.444781
0.445164
0.445547
0.445929
0.446311
0.446692
0.447072
0.447452
0.447832
0.448211
0.44859
0.448968
0.449346
0.449723
0.4501
0.450476
0.450852
0.451227
0.451602
0.451977
0.452351
0.452724
0.453097
0.45347
0.453842
0.454213
0.454584
0.454955
0.455325
0.455695
0.456064
0.456433
0.456801
0.457169
0.457536
0.457903
0.45827
0.458636
0.459001
0.459366
0.459731
0.460095
0.460458
0.460821
0.461184
0.461546
0.461908
0.462269
0.46263
0.462991
0.463351
0.46371
0.464069
0.464428
0.464786
0.465143
0.465501
0.465857
0.466214
0.466569
0.466925
0.46728
0.467634
0.467988
0.468342
0.468695
0.469047
0.469399
0.469751
0.470102
0.470453
0.470804
0.471154
0.471503
0.471852
0.472201
0.472549
0.472896
0.473244
0.47359
0.473937
0.474283
0.474628
0.474973
0.475318
0.475662
0.476005
0.476349
0.476691
0.477034
0.477376
0.477717
0.478058
0.478399
0.478739
0.479078
0.479418
0.479756
0.480095
0.480433
0.48077
0.481107
0.481444
0.48178
0.482116
0.482451
0.482786
0.48312
0.483454
0.483788
0.484121
0.484454
0.484786
0.485118
0.485449
0.48578
0.486111
0.486441
0.486771
0.4871
0.487429
0.487757
0.488085
0.488413
0.48874
0.489067
0.489393
0.489719
0.490044
0.490369
0.490694
0.491018
0.491341
0.491665
0.491988
0.49231
0.492632
0.492954
0.493275
0.493596
0.493916
0.494236
0.494555
0.494874
0.495193
0.495511
0.495829
0.496147
0.496464
0.49678
0.497096
0.497412
0.497727
0.498042
0.498357
0.498671
0.498984
0.499298
0.499611
0.499923
0.500235
0.500547
0.500858
0.501169
0.501479
0.501789
0.502098
0.502408
0.502716
0.503025
0.503332
0.50364
0.503947
0.504254
0.50456
0.504866
0.505171
0.505476
0.505781
0.506085
0.506389
0.506693
0.506996
0.507298
0.507601
0.507902
0.508204
0.508505
0.508806
0.509106
0.509406
0.509705
0.510004
0.510303
0.510601
0.510899
0.511196
0.511493
0.51179
0.512086
0.512382
0.512677
0.512972
0.513267
0.513561
0.513855
0.514149
0.514442
0.514735
0.515027
0.515319
0.51561
0.515901
0.516192
0.516483
0.516772
0.517062
0.517351
0.51764
0.517928
0.518216
0.518504
0.518791
0.519078
0.519365
0.519651
0.519936
0.520222
0.520507
0.520791
0.521075
0.521359
0.521642
0.521925
0.522208
0.52249
0.522772
0.523054
0.523335
0.523615
0.523896
0.524176
0.524455
0.524734
0.525013
0.525292
0.52557
0.525847
0.526125
0.526402
0.526678
0.526954
0.52723
0.527505
0.527781
0.528055
0.528329
0.528603
0.528877
0.52915
0.529423
0.529695
0.529967
0.530239
0.53051
0.530781
0.531052
0.531322
0.531592
0.531861
0.53213
0.532399
0.532667
0.532935
0.533203
0.53347
0.533737
0.534004
0.53427
0.534536
0.534801
0.535066
0.535331
0.535595
0.535859
0.536123
0.536386
0.536649
0.536911
0.537173
0.537435
0.537696
0.537958
0.538218
0.538479
0.538739
0.538998
0.539257
0.539516
0.539775
0.540033
0.540291
0.540548
0.540805
0.541062
0.541318
0.541575
0.54183
0.542085
0.54234
0.542595
0.542849
0.543103
0.543357
0.54361
0.543863
0.544115
0.544367
0.544619
0.544871
0.545122
0.545372
0.545623
0.545873
0.546123
0.546372
0.546621
0.546869
0.547118
0.547366
0.547613
0.54786
0.548107
0.548354
0.5486
0.548846
0.549091
0.549337
0.549581
0.549826
0.55007
0.550314
0.550557
0.5508
0.551043
0.551286
0.551528
0.551769
0.552011
0.552252
0.552492
0.552733
0.552973
0.553213
0.553452
0.553691
0.55393
0.554168
0.554406
0.554643
0.554881
0.555118
0.555354
0.555591
0.555827
0.556062
0.556298
0.556533
0.556767
0.557001
0.557235
0.557469
0.557702
0.557935
0.558168
0.5584
0.558632
0.558864
0.559095
0.559326
0.559557
0.559787
0.560017
0.560247
0.560476
0.560705
0.560933
0.561162
0.56139
0.561617
0.561845
0.562072
0.562298
0.562525
0.562751
0.562977
0.563202
0.563427
0.563652
0.563876
0.5641
0.564324
0.564547
0.56477
0.564993
0.565216
0.565438
0.56566
0.565881
0.566102
0.566323
0.566544
0.566764
0.566984
0.567203
0.567423
0.567642
0.56786
0.568079
0.568297
0.568514
0.568732
0.568949
0.569165
0.569382
0.569598
0.569814
0.570029
0.570244
0.570459
0.570673
0.570888
0.571101
0.571315
0.571528
0.571741
0.571954
0.572166
0.572378
0.57259
0.572801
0.573012
0.573223
0.573433
0.573644
0.573853
0.574063
0.574272
0.574481
0.57469
0.574898
0.575106
0.575313
0.575521
0.575728
0.575935
0.576141
0.576347
0.576553
0.576758
0.576964
0.577168
0.577373
0.577577
0.577781
0.577985
0.578188
0.578391
0.578594
0.578797
0.578999
0.579201
0.579402
0.579604
0.579805
0.580005
0.580206
0.580406
0.580605
0.580805
0.581004
0.581203
0.581401
0.5816
0.581798
0.581995
0.582193
0.58239
0.582586
0.582783
0.582979
0.583175
0.583371
0.583566
0.583761
0.583956
0.58415
0.584344
0.584538
0.584731
0.584925
0.585118
0.58531
0.585503
0.585695
0.585886
0.586078
0.586269
0.58646
0.586651
0.586841
0.587031
0.587221
0.58741
0.587599
0.587788
0.587977
0.588165
0.588353
0.588541
0.588728
0.588915
0.589102
0.589289
0.589475
0.589661
0.589847
0.590032
0.590217
0.590402
0.590587
0.590771
0.590955
0.591139
0.591322
0.591505
0.591688
0.591871
0.592053
0.592235
0.592417
0.592598
0.592779
0.59296
0.593141
0.593321
0.593501
0.593681
0.59386
0.59404
0.594219
0.594397
0.594576
0.594754
0.594931
0.595109
0.595286
0.595463
0.59564
0.595816
0.595992
0.596168
0.596344
0.596519
0.596694
0.596869
0.597044
0.597218
0.597392
0.597565
0.597739
0.597912
0.598085
0.598257
0.59843
0.598602
0.598774
0.598945
0.599116
0.599287
0.599458
0.599628
0.599798
0.599968
0.600138
0.600307
0.600476
0.600645
0.600814
0.600982
0.60115
0.601318
0.601485
0.601652
0.601819
0.601986
0.602152
0.602318
0.602484
0.60265
0.602815
0.60298
0.603145
0.603309
0.603474
0.603638
0.603801
0.603965
0.604128
0.604291
0.604454
0.604616
0.604778
0.60494
0.605102
0.605263
0.605424
0.605585
0.605746
0.605906
0.606066
0.606226
0.606385
0.606545
0.606704
0.606862
0.607021
0.607179
0.607337
0.607495
0.607652
0.60781
0.607967
0.608123
0.60828
0.608436
0.608592
0.608748
0.608903
0.609058
0.609213
0.609368
0.609522
0.609676
0.60983
0.609984
0.610137
0.61029
0.610443
0.610596
0.610748
0.6109
0.611052
0.611204
0.611355
0.611506
0.611657
0.611808
0.611958
0.612108
0.612258
0.612408
0.612557
0.612706
0.612855
0.613004
0.613152
0.6133
0.613448
0.613596
0.613743
0.61389
0.614037
0.614184
0.61433
0.614476
0.614622
0.614768
0.614913
0.615058
0.615203
0.615348
0.615492
0.615637
0.61578
0.615924
0.616068
0.616211
0.616354
0.616496
0.616639
0.616781
0.616923
0.617065
0.617206
0.617348
0.617489
0.61763
0.61777
0.61791
0.61805
0.61819
0.61833
0.618469
0.618608
0.618747
0.618886
0.619024
0.619162
0.6193
0.619438
0.619575
0.619713
0.619849
0.619986
0.620123
0.620259
0.620395
0.620531
0.620666
0.620802
0.620937
0.621071
0.621206
0.62134
0.621475
0.621608
0.621742
0.621876
0.622009
0.622142
0.622274
0.622407
0.622539
0.622671
0.622803
0.622935
0.623066
0.623197
0.623328
0.623459
0.623589
0.623719
0.623849
0.623979
0.624108
0.624238
0.624367
0.624496
0.624624
0.624752
0.624881
0.625008
0.625136
0.625264
0.625391
0.625518
0.625645
0.625771
0.625897
0.626023
0.626149
0.626275
0.6264
0.626525
0.62665
0.626775
0.6269
0.627024
0.627148
0.627272
0.627395
0.627519
0.627642
0.627765
0.627888
0.62801
0.628132
0.628254
0.628376
0.628498
0.628619
0.62874
0.628861
0.628982
0.629102
0.629223
0.629343
0.629463
0.629582
0.629702
0.629821
0.62994
0.630059
0.630177
0.630295
0.630413
0.630531
0.630649
0.630766
0.630884
0.631001
0.631117
0.631234
0.63135
0.631466
0.631582
0.631698
0.631813
0.631929
0.632044
0.632159
0.632273
0.632388
0.632502
0.632616
0.63273
0.632843
0.632956
0.63307
0.633182
0.633295
0.633408
0.63352
0.633632
0.633744
0.633855
0.633967
0.634078
0.634189
0.6343
0.63441
0.634521
0.634631
0.634741
0.634851
0.63496
0.635069
0.635179
0.635287
0.635396
0.635505
0.635613
0.635721
0.635829
0.635936
0.636044
0.636151
0.636258
0.636365
0.636472
0.636578
0.636684
0.63679
0.636896
0.637002
0.637107
0.637212
0.637317
0.637422
0.637526
0.637631
0.637735
0.637839
0.637943
0.638046
0.638149
0.638253
0.638355
0.638458
0.638561
0.638663
0.638765
0.638867
0.638969
0.63907
0.639172
0.639273
0.639374
0.639474
0.639575
0.639675
0.639775
0.639875
0.639975
0.640074
0.640174
0.640273
0.640372
0.64047
0.640569
0.640667
0.640765
0.640863
0.640961
0.641058
0.641156
0.641253
0.64135
0.641446
0.641543
0.641639
0.641735
0.641831
0.641927
0.642023
0.642118
0.642213
0.642308
0.642403
0.642498
0.642592
0.642686
0.64278
0.642874
0.642967
0.643061
0.643154
0.643247
0.64334
0.643433
0.643525
0.643617
0.643709
0.643801
0.643893
0.643984
0.644076
0.644167
0.644258
0.644348
0.644439
0.644529
0.644619
0.644709
0.644799
0.644889
0.644978
0.645067
0.645156
0.645245
0.645334
0.645422
0.645511
0.645599
0.645686
0.645774
0.645862
0.645949
0.646036
0.646123
0.64621
0.646296
0.646383
0.646469
0.646555
0.646641
0.646726
0.646812
0.646897
0.646982
0.647067
0.647152
0.647236
0.647321
0.647405
0.647489
0.647573
0.647656
0.64774
0.647823
0.647906
0.647989
0.648071
0.648154
0.648236
0.648318
0.6484
0.648482
0.648564
0.648645
0.648726
0.648807
0.648888
0.648969
0.64905
0.64913
0.64921
0.64929
0.64937
0.649449
0.649529
0.649608
0.649687
0.649766
0.649845
0.649923
0.650002
0.65008
0.650158
0.650236
0.650313
0.650391
0.650468
0.650545
0.650622
0.650699
0.650775
0.650852
0.650928
0.651004
0.65108
0.651156
0.651231
0.651307
0.651382
0.651457
0.651532
0.651606
0.651681
0.651755
0.651829
0.651903
0.651977
0.65205
0.652124
0.652197
0.65227
0.652343
0.652416
0.652488
0.652561
0.652633
0.652705
0.652777
0.652849
0.65292
0.652991
0.653063
0.653134
0.653205
0.653275
0.653346
0.653416
0.653486
0.653556
0.653626
0.653696
0.653765
0.653834
0.653904
0.653973
0.654041
0.65411
0.654178
0.654247
0.654315
0.654383
0.654451
0.654518
0.654586
0.654653
0.65472
0.654787
0.654854
0.654921
0.654987
0.655053
0.655119
0.655185
0.655251
0.655317
0.655382
0.655448
0.655513
0.655578
0.655642
0.655707
0.655772
0.655836
0.6559
0.655964
0.656028
0.656091
0.656155
0.656218
0.656281
0.656344
0.656407
0.65647
0.656532
0.656595
0.656657
0.656719
0.656781
0.656843
0.656904
0.656965
0.657027
0.657088
0.657149
0.657209
0.65727
0.65733
0.657391
0.657451
0.657511
0.65757
0.65763
0.657689
0.657749
0.657808
0.657867
0.657926
0.657984
0.658043
0.658101
0.658159
0.658217
0.658275
0.658333
0.65839
0.658448
0.658505
0.658562
0.658619
0.658676
0.658732
0.658789
0.658845
0.658901
0.658957
0.659013
0.659069
0.659124
0.65918
0.659235
0.65929
0.659345
0.659399
0.659454
0.659508
0.659563
0.659617
0.659671
0.659725
0.659778
0.659832
0.659885
0.659938
0.659991
0.660044
0.660097
0.66015
0.660202
0.660254
0.660306
0.660358
0.66041
0.660462
0.660513
0.660565
0.660616
0.660667
0.660718
0.660769
0.660819
0.66087
0.66092
0.66097
0.66102
0.66107
0.66112
0.661169
0.661219
0.661268
0.661317
0.661366
0.661415
0.661463
0.661512
0.66156
0.661609
0.661657
0.661705
0.661752
0.6618
0.661847
0.661895
0.661942
0.661989
0.662036
0.662083
0.662129
0.662176
0.662222
0.662268
0.662314
0.66236
0.662406
0.662451
0.662497
0.662542
0.662587
0.662632
0.662677
0.662722
0.662766
0.662811
0.662855
0.662899
0.662943
0.662987
0.663031
0.663074
0.663117
0.663161
0.663204
0.663247
0.66329
0.663332
0.663375
0.663417
0.66346
0.663502
0.663544
0.663585
0.663627
0.663669
0.66371
0.663751
0.663793
0.663834
0.663874
0.663915
0.663956
0.663996
0.664036
0.664076
0.664116
0.664156
0.664196
0.664236
0.664275
0.664314
0.664354
0.664393
0.664431
0.66447
0.664509
0.664547
0.664586
0.664624
0.664662
0.6647
0.664738
0.664775
0.664813
0.66485
0.664887
0.664924
0.664961
0.664998
0.665035
0.665071
0.665108
0.665144
0.66518
0.665216
0.665252
0.665288
0.665323
0.665359
0.665394
0.665429
0.665464
0.665499
0.665534
0.665569
0.665603
0.665638
0.665672
0.665706
0.66574
0.665774
0.665807
0.665841
0.665874
0.665908
0.665941
0.665974
0.666007
0.66604
0.666072
0.666105
0.666137
0.666169
0.666201
0.666233
0.666265
0.666297
0.666329
0.66636
0.666391
0.666422
0.666454
0.666484
0.666515
0.666546
0.666576
0.666607
0.666637
0.666667
0.666697
0.666727
0.666757
0.666786
0.666816
0.666845
0.666875
0.666904
0.666933
0.666961
0.66699
0.667019
0.667047
0.667076
0.667104
0.667132
0.66716
0.667188
0.667215
0.667243
0.66727
0.667298
0.667325
0.667352
0.667379
0.667406
0.667432
0.667459
0.667485
0.667511
0.667538
0.667564
0.66759
0.667615
0.667641
0.667667
0.667692
0.667717
0.667742
0.667767
0.667792
0.667817
0.667842
0.667866
0.667891
0.667915
0.667939
0.667963
0.667987
0.668011
0.668035
0.668058
0.668081
0.668105
0.668128
0.668151
0.668174
0.668197
0.668219
0.668242
0.668264
0.668287
0.668309
0.668331
0.668353
0.668375
0.668396
0.668418
0.668439
0.668461
0.668482
0.668503
0.668524
0.668545
0.668566
0.668586
0.668607
0.668627
0.668647
0.668667
0.668687
0.668707
0.668727
0.668747
0.668766
0.668786
0.668805
0.668824
0.668843
0.668862
0.668881
0.6689
0.668918
0.668937
0.668955
0.668973
0.668991
0.669009
0.669027
0.669045
0.669063
0.66908
0.669097
0.669115
0.669132
0.669149
0.669166
0.669183
0.669199
0.669216
0.669232
0.669249
0.669265
0.669281
0.669297
0.669313
0.669329
0.669344
0.66936
0.669375
0.669391
0.669406
0.669421
0.669436
0.669451
0.669465
0.66948
0.669494
0.669509
0.669523
0.669537
0.669551
0.669565
0.669579
0.669593
0.669606
0.66962
0.669633
0.669646
0.669659
0.669672
0.669685
0.669698
0.669711
0.669723
0.669736
0.669748
0.66976
0.669772
0.669784
0.669796
0.669808
0.66982
0.669831
0.669843
0.669854
0.669865
0.669876
0.669887
0.669898
0.669909
0.66992
0.66993
0.669941
0.669951
0.669961
0.669971
0.669981
0.669991
0.670001
0.670011
0.67002
0.67003
0.670039
0.670048
0.670057
0.670066
0.670075
0.670084
0.670093
0.670101
0.67011
0.670118
0.670127
0.670135
0.670143
0.670151
0.670158
0.670166
0.670174
0.670181
0.670189
0.670196
0.670203
0.67021
0.670217
0.670224
0.670231
0.670237
0.670244
0.67025
0.670257
0.670263
0.670269
0.670275
0.670281
0.670287
0.670292
0.670298
0.670303
0.670309
0.670314
0.670319
0.670324
0.670329
0.670334
0.670339
0.670343
0.670348
0.670352
0.670357
0.670361
0.670365
0.670369
0.670373
0.670377
0.67038
0.670384
0.670387
0.670391
0.670394
0.670397
0.6704
0.670403
0.670406
0.670409
0.670412
0.670414
0.670417
0.670419
0.670421
0.670423
0.670425
0.670427
0.670429
0.670431
0.670433
0.670434
0.670436
0.670437
0.670438
0.670439
0.67044
0.670441
0.670442
0.670443
0.670443
0.670444
0.670444
0.670445
0.670445
0.670445
0.670445
0.670445
0.670445
0.670444
0.670444
0.670444
0.670443
0.670442
0.670442
0.670441
0.67044
0.670439
0.670438
0.670436
0.670435
0.670433
0.670432
0.67043
0.670428
0.670427
0.670425
0.670423
0.67042
0.670418
0.670416
0.670413
0.670411
0.670408
0.670405
0.670403
0.6704
0.670397
0.670393
0.67039
0.670387
0.670383
0.67038
0.670376
0.670373
0.670369
0.670365
0.670361
0.670357
0.670353
0.670348
0.670344
0.67034
0.670335
0.67033
0.670326
0.670321
0.670316
0.670311
0.670305
0.6703
0.670295
0.670289
0.670284
0.670278
0.670273
0.670267
0.670261
0.670255
0.670249
0.670243
0.670236
0.67023
0.670224
0.670217
0.67021
0.670204
0.670197
0.67019
0.670183
0.670176
0.670168
0.670161
0.670154
0.670146
0.670139
0.670131
0.670123
0.670115
0.670107
0.670099
0.670091
0.670083
0.670075
0.670066
0.670058
0.670049
0.670041
0.670032
0.670023
0.670014
0.670005
0.669996
0.669987
0.669977
0.669968
0.669958
0.669949
0.669939
0.669929
0.669919
0.669909
0.669899
0.669889
0.669879
0.669869
0.669858
0.669848
0.669837
0.669827
0.669816
0.669805
0.669794
0.669783
0.669772
0.669761
0.669749
0.669738
0.669726
0.669715
0.669703
0.669692
0.66968
0.669668
0.669656
0.669644
0.669631
0.669619
0.669607
0.669594
0.669582
0.669569
0.669557
0.669544
0.669531
0.669518
0.669505
0.669492
0.669478
0.669465
0.669452
0.669438
0.669425
0.669411
0.669397
0.669383
0.66937
0.669356
0.669341
0.669327
0.669313
0.669299
0.669284
0.66927
0.669255
0.66924
0.669226
0.669211
0.669196
0.669181
0.669166
0.66915
0.669135
0.66912
0.669104
0.669089
0.669073
0.669057
0.669042
0.669026
0.66901
0.668994
0.668978
0.668961
0.668945
0.668929
0.668912
0.668896
0.668879
0.668862
0.668846
0.668829
0.668812
0.668795
0.668777
0.66876
0.668743
0.668726
0.668708
0.668691
0.668673
0.668655
0.668637
0.66862
0.668602
0.668584
0.668565
0.668547
0.668529
0.668511
0.668492
0.668474
0.668455
0.668436
0.668418
0.668399
0.66838
0.668361
0.668342
0.668322
0.668303
0.668284
0.668264
0.668245
0.668225
0.668206
0.668186
0.668166
0.668146
0.668126
0.668106
0.668086
0.668066
0.668045
0.668025
0.668005
0.667984
0.667963
0.667943
0.667922
0.667901
0.66788
0.667859
0.667838
0.667817
0.667796
0.667774
0.667753
0.667731
0.66771
0.667688
0.667666
0.667645
0.667623
0.667601
0.667579
0.667557
0.667534
0.667512
0.66749
0.667467
0.667445
0.667422
0.667399
0.667377
0.667354
0.667331
0.667308
0.667285
0.667262
0.667239
0.667215
0.667192
0.667169
0.667145
0.667121
0.667098
0.667074
0.66705
0.667026
0.667002
0.666978
0.666954
0.66693
0.666906
0.666881
0.666857
0.666832
0.666808
0.666783
0.666759
0.666734
0.666709
0.666684
0.666659
0.666634
0.666609
0.666583
0.666558
0.666533
0.666507
0.666482
0.666456
0.66643
0.666404
0.666379
0.666353
0.666327
0.666301
0.666274
0.666248
0.666222
0.666196
0.666169
0.666143
0.666116
0.666089
0.666063
0.666036
0.666009
0.665982
0.665955
0.665928
0.665901
0.665873
0.665846
0.665819
0.665791
0.665764
0.665736
0.665708
0.665681
0.665653
0.665625
0.665597
0.665569
0.665541
0.665513
0.665484
0.665456
0.665428
0.665399
0.665371
0.665342
0.665313
0.665285
0.665256
0.665227
0.665198
0.665169
0.66514
0.665111
0.665081
0.665052
0.665023
0.664993
0.664964
0.664934
0.664904
0.664875
0.664845
0.664815
0.664785
0.664755
0.664725
0.664695
0.664664
0.664634
0.664604
0.664573
0.664543
0.664512
0.664481
0.664451
0.66442
0.664389
0.664358
0.664327
0.664296
0.664265
0.664234
0.664202
0.664171
0.66414
0.664108
0.664077
0.664045
0.664013
0.663981
0.66395
0.663918
0.663886
0.663854
0.663822
0.663789
0.663757
0.663725
0.663693
0.66366
0.663628
0.663595
0.663562
0.66353
0.663497
0.663464
0.663431
0.663398
0.663365
0.663332
0.663299
0.663266
0.663232
0.663199
0.663165
0.663132
0.663098
0.663065
0.663031
0.662997
0.662963
0.662929
0.662895
0.662861
0.662827
0.662793
0.662759
0.662724
0.66269
0.662656
0.662621
0.662587
0.662552
0.662517
0.662482
0.662448
0.662413
0.662378
0.662343
0.662308
0.662273
0.662237
0.662202
0.662167
0.662131
0.662096
0.66206
0.662025
0.661989
0.661953
0.661917
0.661881
0.661846
0.66181
0.661773
0.661737
0.661701
0.661665
0.661629
0.661592
0.661556
0.661519
0.661483
0.661446
0.661409
0.661373
0.661336
0.661299
0.661262
0.661225
0.661188
0.661151
0.661114
0.661076
0.661039
0.661002
0.660964
0.660927
0.660889
0.660851
0.660814
0.660776
0.660738
0.6607
0.660662
0.660624
0.660586
0.660548
0.66051
0.660471
0.660433
0.660395
0.660356
0.660318
0.660279
0.660241
0.660202
0.660163
0.660124
0.660085
0.660047
0.660008
0.659968
0.659929
0.65989
0.659851
0.659812
0.659772
0.659733
0.659693
0.659654
0.659614
0.659574
0.659535
0.659495
0.659455
0.659415
0.659375
0.659335
0.659295
0.659255
0.659215
0.659174
0.659134
0.659094
0.659053
0.659013
0.658972
0.658932
0.658891
0.65885
0.658809
0.658768
0.658728
0.658687
0.658646
0.658604
0.658563
0.658522
0.658481
0.658439
0.658398
0.658357
0.658315
0.658274
0.658232
0.65819
0.658148
0.658107
0.658065
0.658023
0.657981
0.657939
0.657897
0.657855
0.657812
0.65777
0.657728
0.657685
0.657643
0.6576
0.657558
0.657515
0.657473
0.65743
0.657387
0.657344
0.657301
0.657258
0.657215
0.657172
0.657129
0.657086
0.657043
0.656999
0.656956
0.656913
0.656869
0.656826
0.656782
0.656738
0.656695
0.656651
0.656607
0.656563
0.656519
0.656475
0.656431
0.656387
0.656343
0.656299
0.656255
0.65621
0.656166
0.656122
0.656077
0.656033
0.655988
0.655943
0.655899
0.655854
0.655809
0.655764
0.655719
0.655674
0.655629
0.655584
0.655539
0.655494
0.655448
0.655403
0.655358
0.655312
0.655267
0.655221
0.655176
0.65513
0.655084
0.655039
0.654993
0.654947
0.654901
0.654855
0.654809
0.654763
0.654717
0.654671
0.654625
0.654578
0.654532
0.654486
0.654439
0.654393
0.654346
0.654299
0.654253
0.654206
0.654159
0.654112
0.654066
0.654019
0.653972
0.653925
0.653878
0.65383
0.653783
0.653736
0.653689
0.653641
0.653594
0.653546
0.653499
0.653451
0.653404
0.653356
0.653308
0.653261
0.653213
0.653165
0.653117
0.653069
0.653021
0.652973
0.652925
0.652877
0.652828
0.65278
0.652732
0.652683
0.652635
0.652586
0.652538
0.652489
0.652441
0.652392
0.652343
0.652294
0.652245
0.652197
0.652148
0.652099
0.652049
0.652
0.651951
0.651902
0.651853
0.651803
0.651754
0.651705
0.651655
0.651606
0.651556
0.651506
0.651457
0.651407
0.651357
0.651307
0.651258
0.651208
0.651158
0.651108
0.651058
0.651007
0.650957
0.650907
0.650857
0.650806
0.650756
0.650706
0.650655
0.650605
0.650554
0.650503
0.650453
0.650402
0.650351
0.650301
0.65025
0.650199
0.650148
0.650097
0.650046
0.649995
0.649943
0.649892
0.649841
0.64979
0.649738
0.649687
0.649635
0.649584
0.649532
0.649481
0.649429
0.649377
0.649326
0.649274
0.649222
0.64917
0.649118
0.649066
0.649014
0.648962
0.64891
0.648858
0.648806
0.648753
0.648701
0.648649
0.648596
0.648544
0.648491
0.648439
0.648386
0.648333
0.648281
0.648228
0.648175
0.648122
0.648069
0.648016
0.647963
0.64791
0.647857
0.647804
0.647751
0.647698
0.647645
0.647591
0.647538
0.647484
0.647431
0.647378
0.647324
0.64727
0.647217
0.647163
0.647109
0.647056
0.647002
0.646948
0.646894
0.64684
0.646786
0.646732
0.646678
0.646624
0.646569
0.646515
0.646461
0.646407
0.646352
0.646298
0.646243
0.646189
0.646134
0.64608
0.646025
0.64597
0.645916
0.645861
0.645806
0.645751
0.645696
0.645641
0.645586
0.645531
0.645476
0.645421
0.645366
0.64531
0.645255
0.6452
0.645144
0.645089
0.645033
0.644978
0.644922
0.644867
0.644811
0.644756
0.6447
0.644644
0.644588
0.644532
0.644476
0.64442
0.644364
0.644308
0.644252
0.644196
0.64414
0.644084
0.644028
0.643971
0.643915
0.643859
0.643802
0.643746
0.643689
0.643633
0.643576
0.643519
0.643463
0.643406
0.643349
0.643292
0.643235
0.643178
0.643122
0.643065
0.643007
0.64295
0.642893
0.642836
0.642779
0.642722
0.642664
0.642607
0.64255
0.642492
0.642435
0.642377
0.64232
0.642262
0.642204
0.642147
0.642089
0.642031
0.641973
0.641916
0.641858
0.6418
0.641742
0.641684
0.641626
0.641568
0.641509
0.641451
0.641393
0.641335
0.641276
0.641218
0.64116
0.641101
0.641043
0.640984
0.640926
0.640867
0.640808
0.64075
0.640691
0.640632
0.640573
0.640515
0.640456
0.640397
0.640338
0.640279
0.64022
0.640161
0.640102
0.640042
0.639983
0.639924
0.639865
0.639805
0.639746
0.639686
0.639627
0.639567
0.639508
0.639448
0.639389
0.639329
0.639269
0.63921
0.63915
0.63909
0.63903
0.63897
0.63891
0.63885
0.63879
0.63873
0.63867
0.63861
0.63855
0.638489
0.638429
0.638369
0.638308
0.638248
0.638188
0.638127
0.638067
0.638006
0.637946
0.637885
0.637824
0.637764
0.637703
0.637642
0.637581
0.63752
0.637459
0.637399
0.637338
0.637277
0.637215
0.637154
0.637093
0.637032
0.636971
0.63691
0.636848
0.636787
0.636726
0.636664
0.636603
0.636541
0.63648
0.636418
0.636357
0.636295
0.636233
0.636172
0.63611
0.636048
0.635986
0.635924
0.635862
0.6358
0.635738
0.635676
0.635614
0.635552
0.63549
0.635428
0.635366
0.635303
0.635241
0.635179
0.635116
0.635054
0.634992
0.634929
0.634867
0.634804
0.634742
0.634679
0.634616
0.634554
0.634491
0.634428
0.634365
0.634302
0.634239
0.634177
0.634114
0.634051
0.633988
0.633924
0.633861
0.633798
0.633735
0.633672
0.633609
0.633545
0.633482
0.633419
0.633355
0.633292
0.633228
0.633165
0.633101
0.633038
0.632974
0.63291
0.632847
0.632783
0.632719
0.632655
0.632591
0.632528
0.632464
0.6324
0.632336
0.632272
0.632208
0.632144
0.632079
0.632015
0.631951
0.631887
0.631823
0.631758
0.631694
0.631629
0.631565
0.631501
0.631436
0.631372
0.631307
0.631242
0.631178
0.631113
0.631048
0.630984
0.630919
0.630854
0.630789
0.630724
0.63066
0.630595
0.63053
0.630465
0.6304
0.630334
0.630269
0.630204
0.630139
0.630074
0.630008
0.629943
0.629878
0.629812
0.629747
0.629682
0.629616
0.629551
0.629485
0.62942
0.629354
0.629288
0.629223
0.629157
0.629091
0.629025
0.62896
0.628894
0.628828
0.628762
0.628696
0.62863
0.628564
0.628498
0.628432
0.628366
0.628299
0.628233
0.628167
0.628101
0.628035
0.627968
0.627902
0.627835
0.627769
0.627703
0.627636
0.62757
0.627503
0.627436
0.62737
0.627303
0.627236
0.62717
0.627103
0.627036
0.626969
0.626902
0.626836
0.626769
0.626702
0.626635
0.626568
0.626501
0.626433
0.626366
0.626299
0.626232
0.626165
0.626097
0.62603
0.625963
0.625896
0.625828
0.625761
0.625693
0.625626
0.625558
0.625491
0.625423
0.625355
0.625288
0.62522
0.625152
0.625085
0.625017
0.624949
0.624881
0.624813
0.624745
0.624678
0.62461
0.624542
0.624474
0.624405
0.624337
0.624269
0.624201
0.624133
0.624065
0.623996
0.623928
0.62386
0.623791
0.623723
0.623655
0.623586
0.623518
0.623449
0.623381
0.623312
0.623243
0.623175
0.623106
0.623037
0.622969
0.6229
0.622831
0.622762
0.622693
0.622625
0.622556
0.622487
0.622418
0.622349
0.62228
0.622211
0.622141
0.622072
0.622003
0.621934
0.621865
0.621795
0.621726
0.621657
0.621587
0.621518
0.621449
0.621379
0.62131
0.62124
0.621171
0.621101
0.621031
0.620962
0.620892
0.620823
0.620753
0.620683
0.620613
0.620543
0.620474
0.620404
0.620334
0.620264
0.620194
0.620124
0.620054
0.619984
0.619914
0.619844
0.619774
0.619703
0.619633
0.619563
0.619493
0.619422
0.619352
0.619282
0.619211
0.619141
0.61907
0.619
0.618929
0.618859
0.618788
0.618718
0.618647
0.618577
0.618506
0.618435
0.618364
0.618294
0.618223
0.618152
0.618081
0.61801
0.617939
0.617868
0.617797
0.617726
0.617655
0.617584
0.617513
0.617442
0.617371
0.6173
0.617229
0.617157
0.617086
0.617015
0.616944
0.616872
0.616801
0.616729
0.616658
0.616587
0.616515
0.616444
0.616372
0.6163
0.616229
0.616157
0.616085
0.616014
0.615942
0.61587
0.615799
0.615727
0.615655
0.615583
0.615511
0.615439
0.615367
0.615295
0.615223
0.615151
0.615079
0.615007
0.614935
0.614863
0.614791
0.614719
0.614646
0.614574
0.614502
0.61443
0.614357
0.614285
0.614212
0.61414
0.614068
0.613995
0.613923
0.61385
0.613777
0.613705
0.613632
0.61356
0.613487
0.613414
0.613342
0.613269
0.613196
0.613123
0.61305
0.612978
0.612905
0.612832
0.612759
0.612686
0.612613
0.61254
0.612467
0.612394
0.612321
0.612248
0.612174
0.612101
0.612028
0.611955
0.611881
0.611808
0.611735
0.611662
0.611588
0.611515
0.611441
0.611368
0.611294
0.611221
0.611147
0.611074
0.611
0.610927
0.610853
0.610779
0.610706
0.610632
0.610558
0.610484
0.610411
0.610337
0.610263
0.610189
0.610115
0.610041
0.609967
0.609893
0.609819
0.609745
0.609671
0.609597
0.609523
0.609449
0.609375
0.609301
0.609226
0.609152
0.609078
0.609004
0.608929
0.608855
0.608781
0.608706
0.608632
0.608557
0.608483
0.608408
0.608334
0.608259
0.608185
0.60811
0.608035
0.607961
0.607886
0.607811
0.607737
0.607662
0.607587
0.607512
0.607438
0.607363
0.607288
0.607213
0.607138
0.607063
0.606988
0.606913
0.606838
0.606763
0.606688
0.606613
0.606538
0.606463
0.606387
0.606312
0.606237
0.606162
0.606086
0.606011
0.605936
0.60586
0.605785
0.60571
0.605634
0.605559
0.605483
0.605408
0.605332
0.605257
0.605181
0.605106
0.60503
0.604954
0.604879
0.604803
0.604727
0.604652
0.604576
0.6045
0.604424
0.604348
0.604272
0.604197
0.604121
0.604045
0.603969
0.603893
0.603817
0.603741
0.603665
0.603589
0.603513
0.603436
0.60336
0.603284
0.603208
0.603132
0.603055
0.602979
0.602903
0.602826
0.60275
0.602674
0.602597
0.602521
0.602445
0.602368
0.602292
0.602215
0.602139
0.602062
0.601985
0.601909
0.601832
0.601756
0.601679
0.601602
0.601525
0.601449
0.601372
0.601295
0.601218
0.601141
0.601065
0.600988
0.600911
0.600834
0.600757
0.60068
0.600603
0.600526
0.600449
0.600372
0.600295
0.600218
0.600141
0.600063
0.599986
0.599909
0.599832
0.599754
0.599677
0.5996
0.599523
0.599445
0.599368
0.59929
0.599213
0.599136
0.599058
0.598981
0.598903
0.598826
0.598748
0.598671
0.598593
0.598515
0.598438
0.59836
0.598282
0.598205
0.598127
0.598049
0.597971
0.597894
0.597816
0.597738
0.59766
0.597582
0.597504
0.597426
0.597348
0.597271
0.597193
0.597114
0.597036
0.596958
0.59688
0.596802
0.596724
0.596646
0.596568
0.59649
0.596411
0.596333
0.596255
0.596177
0.596098
0.59602
0.595942
0.595863
0.595785
0.595706
0.595628
0.59555
0.595471
0.595393
0.595314
0.595236
0.595157
0.595078
0.595
0.594921
0.594843
0.594764
0.594685
0.594607
0.594528
0.594449
0.59437
0.594291
0.594213
0.594134
0.594055
0.593976
0.593897
0.593818
0.593739
0.59366
0.593581
0.593502
0.593423
0.593344
0.593265
0.593186
0.593107
0.593028
0.592949
0.59287
0.59279
0.592711
0.592632
0.592553
0.592473
0.592394
0.592315
0.592235
0.592156
0.592077
0.591997
0.591918
0.591838
0.591759
0.591679
0.5916
0.59152
0.591441
0.591361
0.591282
0.591202
0.591122
0.591043
0.590963
0.590883
0.590804
0.590724
0.590644
0.590564
0.590485
0.590405
0.590325
0.590245
0.590165
0.590085
0.590005
0.589926
0.589846
0.589766
0.589686
0.589606
0.589526
0.589445
0.589365
0.589285
0.589205
0.589125
0.589045
0.588965
0.588885
0.588804
0.588724
0.588644
0.588564
0.588483
0.588403
0.588323
0.588242
0.588162
0.588082
0.588001
0.587921
0.58784
0.58776
0.587679
0.587599
0.587518
0.587438
0.587357
0.587277
0.587196
0.587115
0.587035
0.586954
0.586873
0.586793
0.586712
0.586631
0.58655
0.58647
0.586389
0.586308
0.586227
0.586146
0.586065
0.585984
0.585904
0.585823
0.585742
0.585661
0.58558
0.585499
0.585418
0.585337
0.585256
0.585174
0.585093
0.585012
0.584931
0.58485
0.584769
0.584687
0.584606
0.584525
0.584444
0.584362
0.584281
0.5842
0.584119
0.584037
0.583956
0.583874
0.583793
0.583712
0.58363
0.583549
0.583467
0.583386
0.583304
0.583223
0.583141
0.58306
0.582978
0.582896
0.582815
0.582733
0.582651
0.58257
0.582488
0.582406
0.582324
0.582243
0.582161
0.582079
0.581997
0.581915
0.581834
0.581752
0.58167
0.581588
0.581506
0.581424
0.581342
0.58126
0.581178
0.581096
0.581014
0.580932
0.58085
0.580768
0.580686
0.580604
0.580522
0.580439
0.580357
0.580275
0.580193
0.580111
0.580028
0.579946
0.579864
0.579781
0.579699
0.579617
0.579534
0.579452
0.57937
0.579287
0.579205
0.579122
0.57904
0.578957
0.578875
0.578792
0.57871
0.578627
0.578545
0.578462
0.57838
0.578297
0.578214
0.578132
0.578049
0.577966
0.577884
0.577801
0.577718
0.577635
0.577553
0.57747
0.577387
0.577304
0.577221
0.577139
0.577056
0.576973
0.57689
0.576807
0.576724
0.576641
0.576558
0.576475
0.576392
0.576309
0.576226
0.576143
0.57606
0.575977
0.575894
0.57581
0.575727
0.575644
0.575561
0.575478
0.575394
0.575311
0.575228
0.575145
0.575061
0.574978
0.574895
0.574811
0.574728
0.574645
0.574561
0.574478
0.574394
0.574311
0.574228
0.574144
0.574061
0.573977
0.573894
0.57381
0.573727
0.573643
0.573559
0.573476
0.573392
0.573309
0.573225
0.573141
0.573057
0.572974
0.57289
0.572806
0.572723
0.572639
0.572555
0.572471
0.572387
0.572304
0.57222
0.572136
0.572052
0.571968
0.571884
0.5718
0.571716
0.571632
0.571548
0.571464
0.57138
0.571296
0.571212
0.571128
0.571044
0.57096
0.570876
0.570792
0.570708
0.570624
0.570539
0.570455
0.570371
0.570287
0.570203
0.570118
0.570034
0.56995
0.569865
0.569781
0.569697
0.569612
0.569528
0.569444
0.569359
0.569275
0.56919
0.569106
0.569022
0.568937
0.568853
0.568768
0.568684
0.568599
0.568515
0.56843
0.568345
0.568261
0.568176
0.568092
0.568007
0.567922
0.567838
0.567753
0.567668
0.567583
0.567499
0.567414
0.567329
0.567244
0.56716
0.567075
0.56699
0.566905
0.56682
0.566735
0.566651
0.566566
0.566481
0.566396
0.566311
0.566226
0.566141
0.566056
0.565971
0.565886
0.565801
0.565716
0.565631
0.565546
0.565461
0.565375
0.56529
0.565205
0.56512
0.565035
0.56495
0.564864
0.564779
0.564694
0.564609
0.564524
0.564438
0.564353
0.564268
0.564182
0.564097
0.564012
0.563926
0.563841
0.563756
0.56367
0.563585
0.563499
0.563414
0.563328
0.563243
0.563157
0.563072
0.562986
0.562901
0.562815
0.56273
0.562644
0.562558
0.562473
0.562387
0.562302
0.562216
0.56213
0.562045
0.561959
0.561873
0.561787
0.561702
0.561616
0.56153
0.561444
0.561359
0.561273
0.561187
0.561101
0.561015
0.560929
0.560843
0.560758
0.560672
0.560586
0.5605
0.560414
0.560328
0.560242
0.560156
0.56007
0.559984
0.559898
0.559812
0.559726
0.55964
0.559553
0.559467
0.559381
0.559295
0.559209
0.559123
0.559037
0.55895
0.558864
0.558778
0.558692
0.558606
0.558519
0.558433
0.558347
0.55826
0.558174
0.558088
0.558001
0.557915
0.557829
0.557742
0.557656
0.557569
0.557483
0.557397
0.55731
0.557224
0.557137
0.557051
0.556964
0.556878
0.556791
0.556705
0.556618
0.556531
0.556445
0.556358
0.556272
0.556185
0.556098
0.556012
0.555925
0.555838
0.555752
0.555665
0.555578
0.555491
0.555405
0.555318
0.555231
0.555144
0.555058
0.554971
0.554884
0.554797
0.55471
0.554623
0.554536
0.55445
0.554363
0.554276
0.554189
0.554102
0.554015
0.553928
0.553841
0.553754
0.553667
0.55358
0.553493
0.553406
0.553319
0.553232
0.553144
0.553057
0.55297
0.552883
0.552796
0.552709
0.552622
0.552534
0.552447
0.55236
0.552273
0.552186
0.552098
0.552011
0.551924
0.551836
0.551749
0.551662
0.551575
0.551487
0.5514
0.551312
0.551225
0.551138
0.55105
0.550963
0.550875
0.550788
0.550701
0.550613
0.550526
0.550438
0.550351
0.550263
0.550176
0.550088
0.550001
0.549913
0.549825
0.549738
0.54965
0.549563
0.549475
0.549387
0.5493
0.549212
0.549124
0.549037
0.548949
0.548861
0.548773
0.548686
0.548598
0.54851
0.548422
0.548335
0.548247
0.548159
0.548071
0.547983
0.547895
0.547808
0.54772
0.547632
0.547544
0.547456
0.547368
0.54728
0.547192
0.547104
0.547016
0.546928
0.54684
0.546752
0.546664
0.546576
0.546488
0.5464
0.546312
0.546224
0.546136
0.546048
0.54596
0.545872
0.545783
0.545695
0.545607
0.545519
0.545431
0.545343
0.545254
0.545166
0.545078
0.54499
0.544901
0.544813
0.544725
0.544637
0.544548
0.54446
0.544372
0.544283
0.544195
0.544106
0.544018
0.54393
0.543841
0.543753
0.543664
0.543576
0.543488
0.543399
0.543311
0.543222
0.543134
0.543045
0.542957
0.542868
0.54278
0.542691
0.542602
0.542514
0.542425
0.542337
0.542248
0.542159
0.542071
0.541982
0.541894
0.541805
0.541716
0.541628
0.541539
0.54145
0.541361
0.541273
0.541184
0.541095
0.541006
0.540918
0.540829
0.54074
0.540651
0.540562
0.540474
0.540385
0.540296
0.540207
0.540118
0.540029
0.53994
0.539851
0.539762
0.539673
0.539585
0.539496
0.539407
0.539318
0.539229
0.53914
0.539051
0.538962
0.538873
0.538784
0.538694
0.538605
0.538516
0.538427
0.538338
0.538249
0.53816
0.538071
0.537982
0.537892
0.537803
0.537714
0.537625
0.537536
0.537446
0.537357
0.537268
0.537179
0.53709
0.537
0.536911
0.536822
0.536732
0.536643
0.536554
0.536464
0.536375
0.536286
0.536196
0.536107
0.536018
0.535928
0.535839
0.535749
0.53566
0.535571
0.535481
0.535392
0.535302
0.535213
0.535123
0.535034
0.534944
0.534855
0.534765
0.534676
0.534586
0.534496
0.534407
0.534317
0.534228
0.534138
0.534048
0.533959
0.533869
0.53378
0.53369
0.5336
0.53351
0.533421
0.533331
0.533241
0.533152
0.533062
0.532972
0.532882
0.532793
0.532703
0.532613
0.532523
0.532434
0.532344
0.532254
0.532164
0.532074
0.531984
0.531894
0.531805
0.531715
0.531625
0.531535
0.531445
0.531355
0.531265
0.531175
0.531085
0.530995
0.530905
0.530815
0.530725
0.530635
0.530545
0.530455
0.530365
0.530275
0.530185
0.530095
0.530005
0.529915
0.529825
0.529735
0.529645
0.529554
0.529464
0.529374
0.529284
0.529194
0.529104
0.529013
0.528923
0.528833
0.528743
0.528653
0.528562
0.528472
0.528382
0.528292
0.528201
0.528111
0.528021
0.52793
0.52784
0.52775
0.527659
0.527569
0.527479
0.527388
0.527298
0.527208
0.527117
0.527027
0.526936
0.526846
0.526756
0.526665
0.526575
0.526484
0.526394
0.526303
0.526213
0.526122
0.526032
0.525941
0.525851
0.52576
0.52567
0.525579
0.525488
0.525398
0.525307
0.525217
0.525126
0.525035
0.524945
0.524854
0.524764
0.524673
0.524582
0.524492
0.524401
0.52431
0.52422
0.524129
0.524038
0.523947
0.523857
0.523766
0.523675
0.523584
0.523494
0.523403
0.523312
0.523221
0.52313
0.52304
0.522949
0.522858
0.522767
0.522676
0.522585
0.522494
0.522404
0.522313
0.522222
0.522131
0.52204
0.521949
0.521858
0.521767
0.521676
0.521585
0.521494
0.521403
0.521312
0.521221
0.52113
0.521039
0.520948
0.520857
0.520766
0.520675
0.520584
0.520493
0.520402
0.520311
0.52022
0.520128
0.520037
0.519946
0.519855
0.519764
0.519673
0.519582
0.51949
0.519399
0.519308
0.519217
0.519126
0.519034
0.518943
0.518852
0.518761
0.518669
0.518578
0.518487
0.518396
0.518304
0.518213
0.518122
0.51803
0.517939
0.517848
0.517756
0.517665
0.517574
0.517482
0.517391
0.5173
0.517208
0.517117
0.517025
0.516934
0.516843
0.516751
0.51666
0.516568
0.516477
0.516385
0.516294
0.516202
0.516111
0.516019
0.515928
0.515836
0.515745
0.515653
0.515562
0.51547
0.515379
0.515287
0.515195
0.515104
0.515012
0.514921
0.514829
0.514737
0.514646
0.514554
0.514462
0.514371
0.514279
0.514187
0.514096
0.514004
0.513912
0.513821
0.513729
0.513637
0.513545
0.513454
0.513362
0.51327
0.513178
0.513087
0.512995
0.512903
0.512811
0.512719
0.512628
0.512536
0.512444
0.512352
0.51226
0.512168
0.512076
0.511985
0.511893
0.511801
0.511709
0.511617
0.511525
0.511433
0.511341
0.511249
0.511157
0.511065
0.510973
0.510881
0.510789
0.510697
0.510605
0.510513
0.510421
0.510329
0.510237
0.510145
0.510053
0.509961
0.509869
0.509777
0.509685
0.509593
0.509501
0.509409
0.509317
0.509225
0.509132
0.50904
0.508948
0.508856
0.508764
0.508672
0.508579
0.508487
0.508395
0.508303
0.508211
0.508119
0.508026
0.507934
0.507842
0.50775
0.507657
0.507565
0.507473
0.507381
0.507288
0.507196
0.507104
0.507011
0.506919
0.506827
0.506734
0.506642
0.50655
0.506457
0.506365
0.506273
0.50618
0.506088
0.505995
0.505903
0.505811
0.505718
0.505626
0.505533
0.505441
0.505348
0.505256
0.505164
0.505071
0.504979
0.504886
0.504794
0.504701
0.504609
0.504516
0.504424
0.504331
0.504239
0.504146
0.504053
0.503961
0.503868
0.503776
0.503683
0.503591
0.503498
0.503405
0.503313
0.50322
0.503127
0.503035
0.502942
0.50285
0.502757
0.502664
0.502572
0.502479
0.502386
0.502293
0.502201
0.502108
0.502015
0.501923
0.50183
0.501737
0.501644
0.501552
0.501459
0.501366
0.501273
0.501181
0.501088
0.500995
0.500902
0.500809
0.500717
0.500624
0.500531
0.500438
0.500345
0.500252
0.500159
0.500067
0.499974
0.499881
0.499788
0.499695
0.499602
0.499509
0.499416
0.499323
0.49923
0.499138
0.499045
0.498952
0.498859
0.498766
0.498673
0.49858
0.498487
0.498394
0.498301
0.498208
0.498115
0.498022
0.497929
0.497836
0.497743
0.497649
0.497556
0.497463
0.49737
0.497277
0.497184
0.497091
0.496998
0.496905
0.496812
0.496719
0.496625
0.496532
0.496439
0.496346
0.496253
0.49616
0.496066
0.495973
0.49588
0.495787
0.495694
0.495601
0.495507
0.495414
0.495321
0.495228
0.495134
0.495041
0.494948
0.494855
0.494761
0.494668
0.494575
0.494481
0.494388
0.494295
0.494202
0.494108
0.494015
0.493922
0.493828
0.493735
0.493642
0.493548
0.493455
0.493361
0.493268
0.493175
0.493081
0.492988
0.492895
0.492801
0.492708
0.492614
0.492521
0.492427
0.492334
0.492241
0.492147
0.492054
0.49196
0.491867
0.491773
0.49168
0.491586
0.491493
0.491399
0.491306
0.491212
0.491119
0.491025
0.490931
0.490838
0.490744
0.490651
0.490557
0.490464
0.49037
0.490277
0.490183
0.490089
0.489996
0.489902
0.489808
0.489715
0.489621
0.489528
0.489434
0.48934
0.489247
0.489153
0.489059
0.488966
0.488872
0.488778
0.488685
0.488591
0.488497
0.488403
0.48831
0.488216
0.488122
0.488028
0.487935
0.487841
0.487747
0.487653
0.48756
0.487466
0.487372
0.487278
0.487184
0.487091
0.486997
0.486903
0.486809
0.486715
0.486622
0.486528
0.486434
0.48634
0.486246
0.486152
0.486058
0.485964
0.485871
0.485777
0.485683
0.485589
0.485495
0.485401
0.485307
0.485213
0.485119
0.485025
0.484931
0.484837
0.484743
0.48465
0.484556
0.484462
0.484368
0.484274
0.48418
0.484086
0.483992
0.483898
0.483804
0.483709
0.483615
0.483521
0.483427
0.483333
0.483239
0.483145
0.483051
0.482957
0.482863
0.482769
0.482675
0.482581
0.482487
0.482392
0.482298
0.482204
0.48211
0.482016
0.481922
0.481828
0.481734
0.481639
0.481545
0.481451
0.481357
0.481263
0.481168
0.481074
0.48098
0.480886
0.480792
0.480697
0.480603
0.480509
0.480415
0.48032
0.480226
0.480132
0.480038
0.479943
0.479849
0.479755
0.479661
0.479566
0.479472
0.479378
0.479283
0.479189
0.479095
0.479
0.478906
0.478812
0.478717
0.478623
0.478529
0.478434
0.47834
0.478246
0.478151
0.478057
0.477963
0.477868
0.477774
0.477679
0.477585
0.477491
0.477396
0.477302
0.477207
0.477113
0.477018
0.476924
0.476829
0.476735
0.476641
0.476546
0.476452
0.476357
0.476263
0.476168
0.476074
0.475979
0.475885
0.47579
0.475696
0.475601
0.475507
0.475412
0.475317
0.475223
0.475128
0.475034
0.474939
0.474845
0.47475
0.474655
0.474561
0.474466
0.474372
0.474277
0.474182
0.474088
0.473993
0.473899
0.473804
0.473709
0.473615
0.47352
0.473425
0.473331
0.473236
0.473141
0.473047
0.472952
0.472857
0.472763
0.472668
0.472573
0.472479
0.472384
0.472289
0.472194
0.4721
0.472005
0.47191
0.471815
0.471721
0.471626
0.471531
0.471436
0.471342
0.471247
0.471152
0.471057
0.470963
0.470868
0.470773
0.470678
0.470583
0.470488
0.470394
0.470299
0.470204
0.470109
0.470014
0.469919
0.469825
0.46973
0.469635
0.46954
0.469445
0.46935
0.469255
0.46916
0.469066
0.468971
0.468876
0.468781
0.468686
0.468591
0.468496
0.468401
0.468306
0.468211
0.468116
0.468021
0.467926
0.467831
0.467736
0.467641
0.467546
0.467451
0.467356
0.467262
0.467167
0.467071
0.466976
0.466881
0.466786
0.466691
0.466596
0.466501
0.466406
0.466311
0.466216
0.466121
0.466026
0.465931
0.465836
0.465741
0.465646
0.465551
0.465456
0.465361
0.465265
0.46517
0.465075
0.46498
0.464885
0.46479
0.464695
0.4646
0.464504
0.464409
0.464314
0.464219
0.464124
0.464029
0.463933
0.463838
0.463743
0.463648
0.463553
0.463458
0.463362
0.463267
0.463172
0.463077
0.462982
0.462886
0.462791
0.462696
0.462601
0.462505
0.46241
0.462315
0.46222
0.462124
0.462029
0.461934
0.461838
0.461743
0.461648
0.461553
0.461457
0.461362
0.461267
0.461171
0.461076
0.460981
0.460885
0.46079
0.460695
0.460599
0.460504
0.460409
0.460313
0.460218
0.460123
0.460027
0.459932
0.459837
0.459741
0.459646
0.45955
0.459455
0.45936
0.459264
0.459169
0.459073
0.458978
0.458883
0.458787
0.458692
0.458596
0.458501
0.458405
0.45831
0.458214
0.458119
0.458024
0.457928
0.457833
0.457737
0.457642
0.457546
0.457451
0.457355
0.45726
0.457164
0.457069
0.456973
0.456878
0.456782
0.456686
0.456591
0.456495
0.4564
0.456304
0.456209
0.456113
0.456018
0.455922
0.455827
0.455731
0.455635
0.45554
0.455444
0.455349
0.455253
0.455157
0.455062
0.454966
0.454871
0.454775
0.454679
0.454584
0.454488
0.454392
0.454297
0.454201
0.454105
0.45401
0.453914
0.453818
0.453723
0.453627
0.453531
0.453436
0.45334
0.453244
0.453149
0.453053
0.452957
0.452862
0.452766
0.45267
0.452574
0.452479
0.452383
0.452287
0.452192
0.452096
0.452
0.451904
0.451809
0.451713
0.451617
0.451521
0.451425
0.45133
0.451234
0.451138
0.451042
0.450947
0.450851
0.450755
0.450659
0.450563
0.450467
0.450372
0.450276
0.45018
0.450084
0.449988
0.449892
0.449797
0.449701
0.449605
0.449509
0.449413
0.449317
0.449221
0.449126
0.44903
0.448934
0.448838
0.448742
0.448646
0.44855
0.448454
0.448358
0.448262
0.448167
0.448071
0.447975
0.447879
0.447783
0.447687
0.447591
0.447495
0.447399
0.447303
0.447207
0.447111
0.447015
0.446919
0.446823
0.446727
0.446631
0.446535
0.446439
0.446343
0.446247
0.446151
0.446055
0.445959
0.445863
0.445767
0.445671
0.445575
0.445479
0.445383
0.445287
0.445191
0.445095
0.444999
0.444903
0.444807
0.444711
0.444615
0.444519
0.444423
0.444326
0.44423
0.444134
0.444038
0.443942
0.443846
0.44375
0.443654
0.443558
0.443462
0.443365
0.443269
0.443173
0.443077
0.442981
0.442885
0.442789
0.442692
0.442596
0.4425
0.442404
0.442308
0.442212
0.442116
0.442019
0.441923
0.441827
0.441731
0.441635
0.441538
0.441442
0.441346
0.44125
0.441154
0.441057
0.440961
0.440865
0.440769
0.440672
0.440576
0.44048
0.440384
0.440287
0.440191
0.440095
0.439999
0.439902
0.439806
0.43971
0.439614
0.439517
0.439421
0.439325
0.439229
0.439132
0.439036
0.43894
0.438843
0.438747
0.438651
0.438554
0.438458
0.438362
0.438265
0.438169
0.438073
0.437976
0.43788
0.437784
0.437687
0.437591
0.437495
0.437398
0.437302
0.437206
0.437109
0.437013
0.436916
0.43682
0.436724
0.436627
0.436531
0.436435
0.436338
0.436242
0.436145
0.436049
0.435952
0.435856
0.43576
0.435663
0.435567
0.43547
0.435374
0.435277
0.435181
0.435085
0.434988
0.434892
0.434795
0.434699
0.434602
0.434506
0.434409
0.434313
0.434216
0.43412
0.434023
0.433927
0.43383
0.433734
0.433637
0.433541
0.433444
0.433348
0.433251
0.433155
0.433058
0.432962
0.432865
0.432769
0.432672
0.432576
0.432479
0.432383
0.432286
0.432189
0.432093
0.431996
0.4319
0.431803
0.431707
0.43161
0.431513
0.431417
0.43132
0.431224
0.431127
0.431031
0.430934
0.430837
0.430741
0.430644
0.430547
0.430451
0.430354
0.430258
0.430161
0.430064
0.429968
0.429871
0.429774
0.429678
0.429581
0.429484
0.429388
0.429291
0.429195
0.429098
0.429001
0.428904
0.428808
0.428711
0.428614
0.428518
0.428421
0.428324
0.428228
0.428131
0.428034
0.427938
0.427841
0.427744
0.427647
0.427551
0.427454
0.427357
0.427261
0.427164
0.427067
0.42697
0.426874
0.426777
0.42668
0.426583
0.426487
0.42639
0.426293
0.426196
0.426099
0.426003
0.425906
0.425809
0.425712
0.425616
0.425519
0.425422
0.425325
0.425228
0.425132
0.425035
0.424938
0.424841
0.424744
0.424648
0.424551
0.424454
0.424357
0.42426
0.424163
0.424067
0.42397
0.423873
0.423776
0.423679
0.423582
0.423485
0.423389
0.423292
0.423195
0.423098
0.423001
0.422904
0.422807
0.42271
0.422614
0.422517
0.42242
0.422323
0.422226
0.422129
0.422032
0.421935
0.421838
0.421741
0.421644
0.421548
0.421451
0.421354
0.421257
0.42116
0.421063
0.420966
0.420869
0.420772
0.420675
0.420578
0.420481
0.420384
0.420287
0.42019
0.420093
0.419996
0.419899
0.419802
0.419705
0.419608
0.419511
0.419414
0.419317
0.41922
0.419123
0.419026
0.418929
0.418832
0.418735
0.418638
0.418541
0.418444
0.418347
0.41825
0.418153
0.418056
0.417959
0.417862
0.417765
0.417668
0.417571
0.417474
0.417377
0.41728
0.417183
0.417086
0.416989
0.416892
0.416795
0.416697
0.4166
0.416503
0.416406
0.416309
0.416212
0.416115
0.416018
0.415921
0.415824
0.415726
0.415629
0.415532
0.415435
0.415338
0.415241
0.415144
0.415047
0.41495
0.414852
0.414755
0.414658
0.414561
0.414464
0.414367
0.41427
0.414172
0.414075
0.413978
0.413881
0.413784
0.413687
0.413589
0.413492
0.413395
0.413298
0.413201
0.413103
0.413006
0.412909
0.412812
0.412715
0.412618
0.41252
0.412423
0.412326
0.412229
0.412131
0.412034
0.411937
0.41184
0.411743
0.411645
0.411548
0.411451
0.411354
0.411256
0.411159
0.411062
0.410965
0.410867
0.41077
0.410673
0.410576
0.410478
0.410381
0.410284
0.410187
0.410089
0.409992
0.409895
0.409797
0.4097
0.409603
0.409506
0.409408
0.409311
0.409214
0.409116
0.409019
0.408922
0.408824
0.408727
0.40863
0.408532
0.408435
0.408338
0.408241
0.408143
0.408046
0.407949
0.407851
0.407754
0.407656
0.407559
0.407462
0.407364
0.407267
0.40717
0.407072
0.406975
0.406878
0.40678
0.406683
0.406586
0.406488
0.406391
0.406293
0.406196
0.406099
0.406001
0.405904
0.405806
0.405709
0.405612
0.405514
0.405417
0.405319
0.405222
0.405125
0.405027
0.40493
0.404832
0.404735
0.404637
0.40454
0.404443
0.404345
0.404248
0.40415
0.404053
0.403955
0.403858
0.40376
0.403663
0.403566
0.403468
0.403371
0.403273
0.403176
0.403078
0.402981
0.402883
0.402786
0.402688
0.402591
0.402493
0.402396
0.402298
0.402201
0.402103
0.402006
0.401908
0.401811
0.401713
0.401616
0.401518
0.401421
0.401323
0.401226
0.401128
0.401031
0.400933
0.400836
0.400738
0.400641
0.400543
0.400446
0.400348
0.40025
0.400153
0.400055
0.399958
0.39986
0.399763
0.399665
0.399568
0.39947
0.399372
0.399275
0.399177
0.39908
0.398982
0.398885
0.398787
0.398689
0.398592
0.398494
0.398397
0.398299
0.398201
0.398104
0.398006
0.397909
0.397811
0.397713
0.397616
0.397518
0.397421
0.397323
0.397225
0.397128
0.39703
0.396932
0.396835
0.396737
0.39664
0.396542
0.396444
0.396347
0.396249
0.396151
0.396054
0.395956
0.395858
0.395761
0.395663
0.395565
0.395468
0.39537
0.395272
0.395175
0.395077
0.394979
0.394882
0.394784
0.394686
0.394589
0.394491
0.394393
0.394295
0.394198
0.3941
0.394002
0.393905
0.393807
0.393709
0.393612
0.393514
0.393416
0.393318
0.393221
0.393123
0.393025
0.392928
0.39283
0.392732
0.392634
0.392537
0.392439
0.392341
0.392243
0.392146
0.392048
0.39195
0.391852
0.391755
0.391657
0.391559
0.391461
0.391364
0.391266
0.391168
0.39107
0.390972
0.390875
0.390777
0.390679
0.390581
0.390484
0.390386
0.390288
0.39019
0.390092
0.389995
0.389897
0.389799
0.389701
0.389603
0.389506
0.389408
0.38931
0.389212
0.389114
0.389016
0.388919
0.388821
0.388723
0.388625
0.388527
0.388429
0.388332
0.388234
0.388136
0.388038
0.38794
0.387842
0.387745
0.387647
0.387549
0.387451
0.387353
0.387255
0.387157
0.38706
0.386962
0.386864
0.386766
0.386668
0.38657
0.386472
0.386374
0.386277
0.386179
0.386081
0.385983
0.385885
0.385787
0.385689
0.385591
0.385493
0.385395
0.385298
0.3852
0.385102
0.385004
0.384906
0.384808
0.38471
0.384612
0.384514
0.384416
0.384318
0.38422
0.384123
0.384025
0.383927
0.383829
0.383731
0.383633
0.383535
0.383437
0.383339
0.383241
0.383143
0.383045
0.382947
0.382849
0.382751
0.382653
0.382555
0.382457
0.382359
0.382261
0.382163
0.382065
0.381968
0.38187
0.381772
0.381674
0.381576
0.381478
0.38138
0.381282
0.381184
0.381086
0.380988
0.38089
0.380792
0.380694
0.380596
0.380498
0.3804
0.380302
0.380204
0.380106
0.380008
0.379909
0.379811
0.379713
0.379615
0.379517
0.379419
0.379321
0.379223
0.379125
0.379027
0.378929
0.378831
0.378733
0.378635
0.378537
0.378439
0.378341
0.378243
0.378145
0.378047
0.377949
0.377851
0.377752
0.377654
0.377556
0.377458
0.37736
0.377262
0.377164
0.377066
0.376968
0.37687
0.376772
0.376674
0.376576
0.376477
0.376379
0.376281
0.376183
0.376085
0.375987
0.375889
0.375791
0.375693
0.375594
0.375496
0.375398
0.3753
0.375202
0.375104
0.375006
0.374908
0.37481
0.374711
0.374613
0.374515
0.374417
0.374319
0.374221
0.374123
0.374024
0.373926
0.373828
0.37373
0.373632
0.373534
0.373436
0.373337
0.373239
0.373141
0.373043
0.372945
0.372847
0.372748
0.37265
0.372552
0.372454
0.372356
0.372258
0.372159
0.372061
0.371963
0.371865
0.371767
0.371668
0.37157
0.371472
0.371374
0.371276
0.371177
0.371079
0.370981
0.370883
0.370785
0.370686
0.370588
0.37049
0.370392
0.370294
0.370195
0.370097
0.369999
0.369901
0.369803
0.369704
0.369606
0.369508
0.36941
0.369311
0.369213
0.369115
0.369017
0.368918
0.36882
0.368722
0.368624
0.368525
0.368427
0.368329
0.368231
0.368132
0.368034
0.367936
0.367838
0.367739
0.367641
0.367543
0.367445
0.367346
0.367248
0.36715
0.367051
0.366953
0.366855
0.366757
0.366658
0.36656
0.366462
0.366363
0.366265
0.366167
0.366069
0.36597
0.365872
0.365774
0.365675
0.365577
0.365479
0.365381
0.365282
0.365184
0.365086
0.364987
0.364889
0.364791
0.364692
0.364594
0.364496
0.364397
0.364299
0.364201
0.364102
0.364004
0.363906
0.363807
0.363709
0.363611
0.363512
0.363414
0.363316
0.363217
0.363119
0.363021
0.362922
0.362824
0.362726
0.362627
0.362529
0.362431
0.362332
0.362234
0.362135
0.362037
0.361939
0.36184
0.361742
0.361644
0.361545
0.361447
0.361348
0.36125
0.361152
0.361053
0.360955
0.360857
0.360758
0.36066
0.360561
0.360463
0.360365
0.360266
0.360168
0.360069
0.359971
0.359873
0.359774
0.359676
0.359577
0.359479
0.359381
0.359282
0.359184
0.359085
0.358987
0.358888
0.35879
0.358692
0.358593
0.358495
0.358396
0.358298
0.358199
0.358101
0.358003
0.357904
0.357806
0.357707
0.357609
0.35751
0.357412
0.357314
0.357215
0.357117
0.357018
0.35692
0.356821
0.356723
0.356624
0.356526
0.356427
0.356329
0.356231
0.356132
0.356034
0.355935
0.355837
0.355738
0.35564
0.355541
0.355443
0.355344
0.355246
0.355147
0.355049
0.35495
0.354852
0.354753
0.354655
0.354556
0.354458
0.354359
0.354261
0.354162
0.354064
0.353965
0.353867
0.353768
0.35367
0.353571
0.353473
0.353374
0.353276
0.353177
0.353079
0.35298
0.352882
0.352783
0.352685
0.352586
0.352488
0.352389
0.352291
0.352192
0.352094
0.351995
0.351897
0.351798
0.351699
0.351601
0.351502
0.351404
0.351305
0.351207
0.351108
0.35101
0.350911
0.350813
0.350714
0.350615
0.350517
0.350418
0.35032
0.350221
0.350123
0.350024
0.349925
0.349827
0.349728
0.34963
0.349531
0.349433
0.349334
0.349236
0.349137
0.349038
0.34894
0.348841
0.348743
0.348644
0.348545
0.348447
0.348348
0.34825
0.348151
0.348052
0.347954
0.347855
0.347757
0.347658
0.347559
0.347461
0.347362
0.347264
0.347165
0.347066
0.346968
0.346869
0.346771
0.346672
0.346573
0.346475
0.346376
0.346278
0.346179
0.34608
0.345982
0.345883
0.345784
0.345686
0.345587
0.345489
0.34539
0.345291
0.345193
0.345094
0.344995
0.344897
0.344798
0.344699
0.344601
0.344502
0.344403
0.344305
0.344206
0.344108
0.344009
0.34391
0.343812
0.343713
0.343614
0.343516
0.343417
0.343318
0.34322
0.343121
0.343022
0.342924
0.342825
0.342726
0.342628
0.342529
0.34243
0.342332
0.342233
0.342134
0.342036
0.341937
0.341838
0.341739
0.341641
0.341542
0.341443
0.341345
0.341246
0.341147
0.341049
0.34095
0.340851
0.340753
0.340654
0.340555
0.340456
0.340358
0.340259
0.34016
0.340062
0.339963
0.339864
0.339765
0.339667
0.339568
0.339469
0.339371
0.339272
0.339173
0.339074
0.338976
0.338877
0.338778
0.33868
0.338581
0.338482
0.338383
0.338285
0.338186
0.338087
0.337988
0.33789
0.337791
0.337692
0.337593
0.337495
0.337396
0.337297
0.337198
0.3371
0.337001
0.336902
0.336803
0.336705
0.336606
0.336507
0.336408
0.33631
0.336211
0.336112
0.336013
0.335915
0.335816
0.335717
0.335618
0.33552
0.335421
0.335322
0.335223
0.335124
0.335026
0.334927
0.334828
0.334729
0.334631
0.334532
0.334433
0.334334
0.334235
0.334137
0.334038
0.333939
0.33384
0.333741
0.333643
0.333544
0.333445
0.333346
0.333247
0.333149
0.33305
0.332951
0.332852
0.332753
0.332655
0.332556
0.332457
0.332358
0.332259
0.332161
0.332062
0.331963
0.331864
0.331765
0.331666
0.331568
0.331469
0.33137
0.331271
0.331172
0.331073
0.330975
0.330876
0.330777
0.330678
0.330579
0.33048
0.330382
0.330283
0.330184
0.330085
0.329986
0.329887
0.329789
0.32969
0.329591
0.329492
0.329393
0.329294
0.329195
0.329097
0.328998
0.328899
0.3288
0.328701
0.328602
0.328503
0.328405
0.328306
0.328207
0.328108
0.328009
0.32791
0.327811
0.327713
0.327614
0.327515
0.327416
0.327317
0.327218
0.327119
0.32702
0.326922
0.326823
0.326724
0.326625
0.326526
0.326427
0.326328
0.326229
0.32613
0.326032
0.325933
0.325834
0.325735
0.325636
0.325537
0.325438
0.325339
0.32524
0.325141
0.325043
0.324944
0.324845
0.324746
0.324647
0.324548
0.324449
0.32435
0.324251
0.324152
0.324053
0.323955
0.323856
0.323757
0.323658
0.323559
0.32346
0.323361
0.323262
0.323163
0.323064
0.322965
0.322866
0.322767
0.322669
0.32257
0.322471
0.322372
0.322273
0.322174
0.322075
0.321976
0.321877
0.321778
0.321679
0.32158
0.321481
0.321382
0.321283
0.321184
0.321085
0.320987
0.320888
0.320789
0.32069
0.320591
0.320492
0.320393
0.320294
0.320195
0.320096
0.319997
0.319898
0.319799
0.3197
0.319601
0.319502
0.319403
0.319304
0.319205
0.319106
0.319007
0.318908
0.318809
0.31871
0.318611
0.318512
0.318413
0.318314
0.318215
0.318116
0.318017
0.317918
0.317819
0.317721
0.317622
0.317523
0.317424
0.317325
0.317226
0.317127
0.317028
0.316929
0.31683
0.316731
0.316632
0.316533
0.316434
0.316335
0.316236
0.316137
0.316038
0.315939
0.31584
0.315741
0.315642
0.315542
0.315443
0.315344
0.315245
0.315146
0.315047
0.314948
0.314849
0.31475
0.314651
0.314552
0.314453
0.314354
0.314255
0.314156
0.314057
0.313958
0.313859
0.31376
0.313661
0.313562
0.313463
0.313364
0.313265
0.313166
0.313067
0.312968
0.312869
0.31277
0.312671
0.312572
0.312473
0.312374
0.312275
0.312175
0.312076
0.311977
0.311878
0.311779
0.31168
0.311581
0.311482
0.311383
0.311284
0.311185
0.311086
0.310987
0.310888
0.310789
0.31069
0.310591
0.310492
0.310392
0.310293
0.310194
0.310095
0.309996
0.309897
0.309798
0.309699
0.3096
0.309501
0.309402
0.309303
0.309204
0.309104
0.309005
0.308906
0.308807
0.308708
0.308609
0.30851
0.308411
0.308312
0.308213
0.308114
0.308015
0.307915
0.307816
0.307717
0.307618
0.307519
0.30742
0.307321
0.307222
0.307123
0.307024
0.306924
0.306825
0.306726
0.306627
0.306528
0.306429
0.30633
0.306231
0.306132
0.306033
0.305933
0.305834
0.305735
0.305636
0.305537
0.305438
0.305339
0.30524
0.305141
0.305041
0.304942
0.304843
0.304744
0.304645
0.304546
0.304447
0.304348
0.304248
0.304149
0.30405
0.303951
0.303852
0.303753
0.303654
0.303554
0.303455
0.303356
0.303257
0.303158
0.303059
0.30296
0.302861
0.302761
0.302662
0.302563
0.302464
0.302365
0.302266
0.302166
0.302067
0.301968
0.301869
0.30177
0.301671
0.301572
0.301472
0.301373
0.301274
0.301175
0.301076
0.300977
0.300877
0.300778
0.300679
0.30058
0.300481
0.300382
0.300283
0.300183
0.300084
0.299985
0.299886
0.299787
0.299688
0.299588
0.299489
0.29939
0.299291
0.299192
0.299092
0.298993
0.298894
0.298795
0.298696
0.298597
0.298497
0.298398
0.298299
0.2982
0.298101
0.298001
0.297902
0.297803
0.297704
0.297605
0.297506
0.297406
0.297307
0.297208
0.297109
0.29701
0.29691
0.296811
0.296712
0.296613
0.296514
0.296414
0.296315
0.296216
0.296117
0.296018
0.295918
0.295819
0.29572
0.295621
0.295522
0.295422
0.295323
0.295224
0.295125
0.295025
0.294926
0.294827
0.294728
0.294629
0.294529
0.29443
0.294331
0.294232
0.294133
0.294033
0.293934
0.293835
0.293736
0.293636
0.293537
0.293438
0.293339
0.29324
0.29314
0.293041
0.292942
0.292843
0.292743
0.292644
0.292545
0.292446
0.292346
0.292247
0.292148
0.292049
0.291949
0.29185
0.291751
0.291652
0.291553
0.291453
0.291354
0.291255
0.291156
0.291056
0.290957
0.290858
0.290759
0.290659
0.29056
0.290461
0.290362
0.290262
0.290163
0.290064
0.289965
0.289865
0.289766
0.289667
0.289567
0.289468
0.289369
0.28927
0.28917
0.289071
0.288972
0.288873
0.288773
0.288674
0.288575
0.288476
0.288376
0.288277
0.288178
0.288078
0.287979
0.28788
0.287781
0.287681
0.287582
0.287483
0.287384
0.287284
0.287185
0.287086
0.286986
0.286887
0.286788
0.286689
0.286589
0.28649
0.286391
0.286291
0.286192
0.286093
0.285994
0.285894
0.285795
0.285696
0.285596
0.285497
0.285398
0.285299
0.285199
0.2851
0.285001
0.284901
0.284802
0.284703
0.284603
0.284504
0.284405
0.284306
0.284206
0.284107
0.284008
0.283908
0.283809
0.28371
0.28361
0.283511
0.283412
0.283313
0.283213
0.283114
0.283015
0.282915
0.282816
0.282717
0.282617
0.282518
0.282419
0.282319
0.28222
0.282121
0.282021
0.281922
0.281823
0.281723
0.281624
0.281525
0.281425
0.281326
0.281227
0.281128
0.281028
0.280929
0.28083
0.28073
0.280631
0.280532
0.280432
0.280333
0.280234
0.280134
0.280035
0.279936
0.279836
0.279737
0.279638
0.279538
0.279439
0.27934
0.27924
0.279141
0.279041
0.278942
0.278843
0.278743
0.278644
0.278545
0.278445
0.278346
0.278247
0.278147
0.278048
0.277949
0.277849
0.27775
0.277651
0.277551
0.277452
0.277353
0.277253
0.277154
0.277054
0.276955
0.276856
0.276756
0.276657
0.276558
0.276458
0.276359
0.27626
0.27616
0.276061
0.275962
0.275862
0.275763
0.275663
0.275564
0.275465
0.275365
0.275266
0.275167
0.275067
0.274968
0.274868
0.274769
0.27467
0.27457
0.274471
0.274372
0.274272
0.274173
0.274073
0.273974
0.273875
0.273775
0.273676
0.273577
0.273477
0.273378
0.273278
0.273179
0.27308
0.27298
0.272881
0.272781
0.272682
0.272583
0.272483
0.272384
0.272285
0.272185
0.272086
0.271986
0.271887
0.271788
0.271688
0.271589
0.271489
0.27139
0.271291
0.271191
0.271092
0.270992
0.270893
0.270794
0.270694
0.270595
0.270495
0.270396
0.270297
0.270197
0.270098
0.269998
0.269899
0.2698
0.2697
0.269601
0.269501
0.269402
0.269302
0.269203
0.269104
0.269004
0.268905
0.268805
0.268706
0.268607
0.268507
0.268408
0.268308
0.268209
0.268109
0.26801
0.267911
0.267811
0.267712
0.267612
0.267513
0.267414
0.267314
0.267215
0.267115
0.267016
0.266916
0.266817
0.266718
0.266618
0.266519
0.266419
0.26632
0.26622
0.266121
0.266022
0.265922
0.265823
0.265723
0.265624
0.265524
0.265425
0.265325
0.265226
0.265127
0.265027
0.264928
0.264828
0.264729
0.264629
0.26453
0.26443
0.264331
0.264232
0.264132
0.264033
0.263933
0.263834
0.263734
0.263635
0.263535
0.263436
0.263337
0.263237
0.263138
0.263038
0.262939
0.262839
0.26274
0.26264
0.262541
0.262441
0.262342
0.262243
0.262143
0.262044
0.261944
0.261845
0.261745
0.261646
0.261546
0.261447
0.261347
0.261248
0.261148
0.261049
0.26095
0.26085
0.260751
0.260651
0.260552
0.260452
0.260353
0.260253
0.260154
0.260054
0.259955
0.259855
0.259756
0.259656
0.259557
0.259457
0.259358
0.259259
0.259159
0.25906
0.25896
0.258861
0.258761
0.258662
0.258562
0.258463
0.258363
0.258264
0.258164
0.258065
0.257965
0.257866
0.257766
0.257667
0.257567
0.257468
0.257368
0.257269
0.257169
0.25707
0.25697
0.256871
0.256771
0.256672
0.256572
0.256473
0.256373
0.256274
0.256174
0.256075
0.255975
0.255876
0.255776
0.255677
0.255577
0.255478
0.255378
0.255279
0.255179
0.25508
0.25498
0.254881
0.254781
0.254682
0.254582
0.254483
0.254383
0.254284
0.254184
0.254085
0.253985
0.253886
0.253786
0.253687
0.253587
0.253488
0.253388
0.253289
0.253189
0.25309
0.25299
0.252891
0.252791
0.252692
0.252592
0.252493
0.252393
0.252294
0.252194
0.252095
0.251995
0.251896
0.251796
0.251697
0.251597
0.251498
0.251398
0.251298
0.251199
0.251099
0.251
0.2509
0.250801
0.250701
0.250602
0.250502
0.250403
0.250303
0.250204
0.250104
0.250005
0.249905
0.249806
0.249706
0.249607
0.249507
0.249407
0.249308
0.249208
0.249109
0.249009
0.24891
0.24881
0.248711
0.248611
0.248512
0.248412
0.248313
0.248213
0.248113
0.248014
0.247914
0.247815
0.247715
0.247616
0.247516
0.247417
0.247317
0.247218
0.247118
0.247018
0.246919
0.246819
0.24672
0.24662
0.246521
0.246421
0.246322
0.246222
0.246123
0.246023
0.245923
0.245824
0.245724
0.245625
0.245525
0.245426
0.245326
0.245227
0.245127
0.245027
0.244928
0.244828
0.244729
0.244629
0.24453
0.24443
0.244331
0.244231
0.244131
0.244032
0.243932
0.243833
0.243733
0.243634
0.243534
0.243434
0.243335
0.243235
0.243136
0.243036
0.242937
0.242837
0.242737
0.242638
0.242538
0.242439
0.242339
0.24224
0.24214
0.24204
0.241941
0.241841
0.241742
0.241642
0.241543
0.241443
0.241343
0.241244
0.241144
0.241045
0.240945
0.240846
0.240746
0.240646
0.240547
0.240447
0.240348
0.240248
0.240148
0.240049
0.239949
0.23985
0.23975
0.239651
0.239551
0.239451
0.239352
0.239252
0.239153
0.239053
0.238953
0.238854
0.238754
0.238655
0.238555
0.238455
0.238356
0.238256
0.238157
0.238057
0.237958
0.237858
0.237758
0.237659
0.237559
0.23746
0.23736
0.23726
0.237161
0.237061
0.236962
0.236862
0.236762
0.236663
0.236563
0.236464
0.236364
0.236264
0.236165
0.236065
0.235966
0.235866
0.235766
0.235667
0.235567
0.235468
0.235368
0.235268
0.235169
0.235069
0.234969
0.23487
0.23477
0.234671
0.234571
0.234471
0.234372
0.234272
0.234173
0.234073
0.233973
0.233874
0.233774
0.233675
0.233575
0.233475
0.233376
0.233276
0.233176
0.233077
0.232977
0.232878
0.232778
0.232678
0.232579
0.232479
0.23238
0.23228
0.23218
0.232081
0.231981
0.231881
0.231782
0.231682
0.231583
0.231483
0.231383
0.231284
0.231184
0.231084
0.230985
0.230885
0.230786
0.230686
0.230586
0.230487
0.230387
0.230287
0.230188
0.230088
0.229988
0.229889
0.229789
0.22969
0.22959
0.22949
0.229391
0.229291
0.229191
0.229092
0.228992
0.228892
0.228793
0.228693
0.228594
0.228494
0.228394
0.228295
0.228195
0.228095
0.227996
0.227896
0.227796
0.227697
0.227597
0.227498
0.227398
0.227298
0.227199
0.227099
0.226999
0.2269
0.2268
0.2267
0.226601
0.226501
0.226401
0.226302
0.226202
0.226102
0.226003
0.225903
0.225804
0.225704
0.225604
0.225505
0.225405
0.225305
0.225206
0.225106
0.225006
0.224907
0.224807
0.224707
0.224608
0.224508
0.224408
0.224309
0.224209
0.224109
0.22401
0.22391
0.22381
0.223711
0.223611
0.223511
0.223412
0.223312
0.223212
0.223113
0.223013
0.222913
0.222814
0.222714
0.222615
0.222515
0.222415
0.222316
0.222216
0.222116
0.222017
0.221917
0.221817
0.221718
0.221618
0.221518
0.221419
0.221319
0.221219
0.221119
0.22102
0.22092
0.22082
0.220721
0.220621
0.220521
0.220422
0.220322
0.220222
0.220123
0.220023
0.219923
0.219824
0.219724
0.219624
0.219525
0.219425
0.219325
0.219226
0.219126
0.219026
0.218927
0.218827
0.218727
0.218628
0.218528
0.218428
0.218329
0.218229
0.218129
0.21803
0.21793
0.21783
0.21773
0.217631
0.217531
0.217431
0.217332
0.217232
0.217132
0.217033
0.216933
0.216833
0.216734
0.216634
0.216534
0.216435
0.216335
0.216235
0.216135
0.216036
0.215936
0.215836
0.215737
0.215637
0.215537
0.215438
0.215338
0.215238
0.215139
0.215039
0.214939
0.214839
0.21474
0.21464
0.21454
0.214441
0.214341
0.214241
0.214142
0.214042
0.213942
0.213842
0.213743
0.213643
0.213543
0.213444
0.213344
0.213244
0.213145
0.213045
0.212945
0.212845
0.212746
0.212646
0.212546
0.212447
0.212347
0.212247
0.212148
0.212048
0.211948
0.211848
0.211749
0.211649
0.211549
0.21145
0.21135
0.21125
0.21115
0.211051
0.210951
0.210851
0.210752
0.210652
0.210552
0.210452
0.210353
0.210253
0.210153
0.210054
0.209954
0.209854
0.209754
0.209655
0.209555
0.209455
0.209356
0.209256
0.209156
0.209056
0.208957
0.208857
0.208757
0.208658
0.208558
0.208458
0.208358
0.208259
0.208159
0.208059
0.20796
0.20786
0.20776
0.20766
0.207561
0.207461
0.207361
0.207261
0.207162
0.207062
0.206962
0.206863
0.206763
0.206663
0.206563
0.206464
0.206364
0.206264
0.206164
0.206065
0.205965
0.205865
0.205766
0.205666
0.205566
0.205466
0.205367
0.205267
0.205167
0.205067
0.204968
0.204868
0.204768
0.204669
0.204569
0.204469
0.204369
0.20427
0.20417
0.20407
0.20397
0.203871
0.203771
0.203671
0.203571
0.203472
0.203372
0.203272
0.203172
0.203073
0.202973
0.202873
0.202774
0.202674
0.202574
0.202474
0.202375
0.202275
0.202175
0.202075
0.201976
0.201876
0.201776
0.201676
0.201577
0.201477
0.201377
0.201277
0.201178
0.201078
0.200978
0.200878
0.200779
0.200679
0.200579
0.200479
0.20038
0.20028
0.20018
0.20008
0.199981
0.199881
0.199781
0.199681
0.199582
0.199482
0.199382
0.199282
0.199183
0.199083
0.198983
0.198883
0.198784
0.198684
0.198584
0.198484
0.198385
0.198285
0.198185
0.198085
0.197986
0.197886
0.197786
0.197686
0.197587
0.197487
0.197387
0.197287
0.197188
0.197088
0.196988
0.196888
0.196789
0.196689
0.196589
0.196489
0.196389
0.19629
0.19619
0.19609
0.19599
0.195891
0.195791
0.195691
0.195591
0.195492
0.195392
0.195292
0.195192
0.195093
0.194993
0.194893
0.194793
0.194693
0.194594
0.194494
0.194394
0.194294
0.194195
0.194095
0.193995
0.193895
0.193796
0.193696
0.193596
0.193496
0.193396
0.193297
0.193197
0.193097
0.192997
0.192898
0.192798
0.192698
0.192598
0.192499
0.192399
0.192299
0.192199
0.192099
0.192
0.1919
0.1918
0.1917
0.191601
0.191501
0.191401
0.191301
0.191201
0.191102
0.191002
0.190902
0.190802
0.190703
0.190603
0.190503
0.190403
0.190303
0.190204
0.190104
0.190004
0.189904
0.189805
0.189705
0.189605
0.189505
0.189405
0.189306
0.189206
0.189106
0.189006
0.188906
0.188807
0.188707
0.188607
0.188507
0.188408
0.188308
0.188208
0.188108
0.188008
0.187909
0.187809
0.187709
0.187609
0.187509
0.18741
0.18731
0.18721
0.18711
0.18701
0.186911
0.186811
0.186711
0.186611
0.186512
0.186412
0.186312
0.186212
0.186112
0.186013
0.185913
0.185813
0.185713
0.185613
0.185514
0.185414
0.185314
0.185214
0.185114
0.185015
0.184915
0.184815
0.184715
0.184615
0.184516
0.184416
0.184316
0.184216
0.184116
0.184017
0.183917
0.183817
0.183717
0.183617
0.183518
0.183418
0.183318
0.183218
0.183118
0.183019
0.182919
0.182819
0.182719
0.182619
0.18252
0.18242
0.18232
0.18222
0.18212
0.182021
0.181921
0.181821
0.181721
0.181621
0.181522
0.181422
0.181322
0.181222
0.181122
0.181023
0.180923
0.180823
0.180723
0.180623
0.180523
0.180424
0.180324
0.180224
0.180124
0.180024
0.179925
0.179825
0.179725
0.179625
0.179525
0.179426
0.179326
0.179226
0.179126
0.179026
0.178927
0.178827
0.178727
0.178627
0.178527
0.178427
0.178328
0.178228
0.178128
0.178028
0.177928
0.177829
0.177729
0.177629
0.177529
0.177429
0.177329
0.17723
0.17713
0.17703
0.17693
0.17683
0.176731
0.176631
0.176531
0.176431
0.176331
0.176231
0.176132
0.176032
0.175932
0.175832
0.175732
0.175633
0.175533
0.175433
0.175333
0.175233
0.175133
0.175034
0.174934
0.174834
0.174734
0.174634
0.174534
0.174435
0.174335
0.174235
0.174135
0.174035
0.173935
0.173836
0.173736
0.173636
0.173536
0.173436
0.173337
0.173237
0.173137
0.173037
0.172937
0.172837
0.172738
0.172638
0.172538
0.172438
0.172338
0.172238
0.172139
0.172039
0.171939
0.171839
0.171739
0.171639
0.17154
0.17144
0.17134
0.17124
0.17114
0.17104
0.170941
0.170841
0.170741
0.170641
0.170541
0.170441
0.170342
0.170242
0.170142
0.170042
0.169942
0.169842
0.169743
0.169643
0.169543
0.169443
0.169343
0.169243
0.169144
0.169044
0.168944
0.168844
0.168744
0.168644
0.168544
0.168445
0.168345
0.168245
0.168145
0.168045
0.167945
0.167846
0.167746
0.167646
0.167546
0.167446
0.167346
0.167247
0.167147
0.167047
0.166947
0.166847
0.166747
0.166647
0.166548
0.166448
0.166348
0.166248
0.166148
0.166048
0.165949
0.165849
0.165749
0.165649
0.165549
0.165449
0.165349
0.16525
0.16515
0.16505
0.16495
0.16485
0.16475
0.164651
0.164551
0.164451
0.164351
0.164251
0.164151
0.164051
0.163952
0.163852
0.163752
0.163652
0.163552
0.163452
0.163352
0.163253
0.163153
0.163053
0.162953
0.162853
0.162753
0.162653
0.162554
0.162454
0.162354
0.162254
0.162154
0.162054
0.161954
0.161855
0.161755
0.161655
0.161555
0.161455
0.161355
0.161255
0.161156
0.161056
0.160956
0.160856
0.160756
0.160656
0.160556
0.160457
0.160357
0.160257
0.160157
0.160057
0.159957
0.159857
0.159758
0.159658
0.159558
0.159458
0.159358
0.159258
0.159158
0.159059
0.158959
0.158859
0.158759
0.158659
0.158559
0.158459
0.15836
0.15826
0.15816
0.15806
0.15796
0.15786
0.15776
0.15766
0.157561
0.157461
0.157361
0.157261
0.157161
0.157061
0.156961
0.156862
0.156762
0.156662
0.156562
0.156462
0.156362
0.156262
0.156162
0.156063
0.155963
0.155863
0.155763
0.155663
0.155563
0.155463
0.155363
0.155264
0.155164
0.155064
0.154964
0.154864
0.154764
0.154664
0.154565
0.154465
0.154365
0.154265
0.154165
0.154065
0.153965
0.153865
0.153766
0.153666
0.153566
0.153466
0.153366
0.153266
0.153166
0.153066
0.152967
0.152867
0.152767
0.152667
0.152567
0.152467
0.152367
0.152267
0.152168
0.152068
0.151968
0.151868
0.151768
0.151668
0.151568
0.151468
0.151368
0.151269
0.151169
0.151069
0.150969
0.150869
0.150769
0.150669
0.150569
0.15047
0.15037
0.15027
0.15017
0.15007
0.14997
0.14987
0.14977
0.149671
0.149571
0.149471
0.149371
0.149271
0.149171
0.149071
0.148971
0.148871
0.148772
0.148672
0.148572
0.148472
0.148372
0.148272
0.148172
0.148072
0.147972
0.147873
0.147773
0.147673
0.147573
0.147473
0.147373
0.147273
0.147173
0.147074
0.146974
0.146874
0.146774
0.146674
0.146574
0.146474
0.146374
0.146274
0.146175
0.146075
0.145975
0.145875
0.145775
0.145675
0.145575
0.145475
0.145375
0.145275
0.145176
0.145076
0.144976
0.144876
0.144776
0.144676
0.144576
0.144476
0.144376
0.144277
0.144177
0.144077
0.143977
0.143877
0.143777
0.143677
0.143577
0.143477
0.143378
0.143278
0.143178
0.143078
0.142978
0.142878
0.142778
0.142678
0.142578
0.142478
0.142379
0.142279
0.142179
0.142079
0.141979
0.141879
0.141779
0.141679
0.141579
0.141479
0.14138
0.14128
0.14118
0.14108
0.14098
0.14088
0.14078
0.14068
0.14058
0.14048
0.140381
0.140281
0.140181
0.140081
0.139981
0.139881
0.139781
0.139681
0.139581
0.139481
0.139382
0.139282
0.139182
0.139082
0.138982
0.138882
0.138782
0.138682
0.138582
0.138482
0.138383
0.138283
0.138183
0.138083
0.137983
0.137883
0.137783
0.137683
0.137583
0.137483
0.137383
0.137284
0.137184
0.137084
0.136984
0.136884
0.136784
0.136684
0.136584
0.136484
0.136384
0.136285
0.136185
0.136085
0.135985
0.135885
0.135785
0.135685
0.135585
0.135485
0.135385
0.135285
0.135186
0.135086
0.134986
0.134886
0.134786
0.134686
0.134586
0.134486
0.134386
0.134286
0.134186
0.134086
0.133987
0.133887
0.133787
0.133687
0.133587
0.133487
0.133387
0.133287
0.133187
0.133087
0.132987
0.132888
0.132788
0.132688
0.132588
0.132488
0.132388
0.132288
0.132188
0.132088
0.131988
0.131888
0.131788
0.131689
0.131589
0.131489
0.131389
0.131289
0.131189
0.131089
0.130989
0.130889
0.130789
0.130689
0.130589
0.13049
0.13039
0.13029
0.13019
0.13009
0.12999
0.12989
0.12979
0.12969
0.12959
0.12949
0.12939
0.129291
0.129191
0.129091
0.128991
0.128891
0.128791
0.128691
0.128591
0.128491
0.128391
0.128291
0.128191
0.128091
0.127992
0.127892
0.127792
0.127692
0.127592
0.127492
0.127392
0.127292
0.127192
0.127092
0.126992
0.126892
0.126792
0.126693
0.126593
0.126493
0.126393
0.126293
0.126193
0.126093
0.125993
0.125893
0.125793
0.125693
0.125593
0.125493
0.125394
0.125294
0.125194
0.125094
0.124994
0.124894
0.124794
0.124694
0.124594
0.124494
0.124394
0.124294
0.124194
0.124094
0.123995
0.123895
0.123795
0.123695
0.123595
0.123495
0.123395
0.123295
0.123195
0.123095
0.122995
0.122895
0.122795
0.122695
0.122596
0.122496
0.122396
0.122296
0.122196
0.122096
0.121996
0.121896
0.121796
0.121696
0.121596
0.121496
0.121396
0.121296
0.121196
0.121097
0.120997
0.120897
0.120797
0.120697
0.120597
0.120497
0.120397
0.120297
0.120197
0.120097
0.119997
0.119897
0.119797
0.119697
0.119598
0.119498
0.119398
0.119298
0.119198
0.119098
0.118998
0.118898
0.118798
0.118698
0.118598
0.118498
0.118398
0.118298
0.118198
0.118098
0.117999
0.117899
0.117799
0.117699
0.117599
0.117499
0.117399
0.117299
0.117199
0.117099
0.116999
0.116899
0.116799
0.116699
0.116599
0.116499
0.1164
0.1163
0.1162
0.1161
0.116
0.1159
0.1158
0.1157
0.1156
0.1155
0.1154
0.1153
0.1152
0.1151
0.115
0.1149
0.1148
0.114701
0.114601
0.114501
0.114401
0.114301
0.114201
0.114101
0.114001
0.113901
0.113801
0.113701
0.113601
0.113501
0.113401
0.113301
0.113201
0.113101
0.113001
0.112902
0.112802
0.112702
0.112602
0.112502
0.112402
0.112302
0.112202
0.112102
0.112002
0.111902
0.111802
0.111702
0.111602
0.111502
0.111402
0.111302
0.111202
0.111102
0.111003
0.110903
0.110803
0.110703
0.110603
0.110503
0.110403
0.110303
0.110203
0.110103
0.110003
0.109903
0.109803
0.109703
0.109603
0.109503
0.109403
0.109303
0.109203
0.109104
0.109004
0.108904
0.108804
0.108704
0.108604
0.108504
0.108404
0.108304
0.108204
0.108104
0.108004
0.107904
0.107804
0.107704
0.107604
0.107504
0.107404
0.107304
0.107204
0.107104
0.107005
0.106905
0.106805
0.106705
0.106605
0.106505
0.106405
0.106305
0.106205
0.106105
0.106005
0.105905
0.105805
0.105705
0.105605
0.105505
0.105405
0.105305
0.105205
0.105105
0.105005
0.104905
0.104806
0.104706
0.104606
0.104506
0.104406
0.104306
0.104206
0.104106
0.104006
0.103906
0.103806
0.103706
0.103606
0.103506
0.103406
0.103306
0.103206
0.103106
0.103006
0.102906
0.102806
0.102706
0.102606
0.102506
0.102407
0.102307
0.102207
0.102107
0.102007
0.101907
0.101807
0.101707
0.101607
0.101507
0.101407
0.101307
0.101207
0.101107
0.101007
0.100907
0.100807
0.100707
0.100607
0.100507
0.100407
0.100307
0.100207
0.100107
0.100007
0.0999075
0.0998076
0.0997076
0.0996076
0.0995077
0.0994077
0.0993077
0.0992078
0.0991078
0.0990079
0.0989079
0.0988079
0.098708
0.098608
0.098508
0.0984081
0.0983081
0.0982081
0.0981082
0.0980082
0.0979083
0.0978083
0.0977083
0.0976084
0.0975084
0.0974084
0.0973085
0.0972085
0.0971085
0.0970086
0.0969086
0.0968086
0.0967087
0.0966087
0.0965087
0.0964088
0.0963088
0.0962088
0.0961089
0.0960089
0.0959089
0.095809
0.095709
0.095609
0.0955091
0.0954091
0.0953091
0.0952092
0.0951092
0.0950092
0.0949093
0.0948093
0.0947093
0.0946094
0.0945094
0.0944094
0.0943094
0.0942095
0.0941095
0.0940095
0.0939096
0.0938096
0.0937096
0.0936097
0.0935097
0.0934097
0.0933098
0.0932098
0.0931098
0.0930098
0.0929099
0.0928099
0.0927099
0.09261
0.09251
0.09241
0.09231
0.0922101
0.0921101
0.0920101
0.0919102
0.0918102
0.0917102
0.0916102
0.0915103
0.0914103
0.0913103
0.0912104
0.0911104
0.0910104
0.0909104
0.0908105
0.0907105
0.0906105
0.0905105
0.0904106
0.0903106
0.0902106
0.0901107
0.0900107
0.0899107
0.0898107
0.0897108
0.0896108
0.0895108
0.0894108
0.0893109
0.0892109
0.0891109
0.0890109
0.088911
0.088811
0.088711
0.088611
0.0885111
0.0884111
0.0883111
0.0882111
0.0881112
0.0880112
0.0879112
0.0878112
0.0877113
0.0876113
0.0875113
0.0874113
0.0873113
0.0872114
0.0871114
0.0870114
0.0869114
0.0868115
0.0867115
0.0866115
0.0865115
0.0864115
0.0863116
0.0862116
0.0861116
0.0860116
0.0859117
0.0858117
0.0857117
0.0856117
0.0855117
0.0854118
0.0853118
0.0852118
0.0851118
0.0850118
0.0849119
0.0848119
0.0847119
0.0846119
0.084512
0.084412
0.084312
0.084212
0.084112
0.0840121
0.0839121
0.0838121
0.0837121
0.0836121
0.0835121
0.0834122
0.0833122
0.0832122
0.0831122
0.0830122
0.0829123
0.0828123
0.0827123
0.0826123
0.0825123
0.0824124
0.0823124
0.0822124
0.0821124
0.0820124
0.0819124
0.0818125
0.0817125
0.0816125
0.0815125
0.0814125
0.0813125
0.0812126
0.0811126
0.0810126
0.0809126
0.0808126
0.0807126
0.0806127
0.0805127
0.0804127
0.0803127
0.0802127
0.0801127
0.0800128
0.0799128
0.0798128
0.0797128
0.0796128
0.0795128
0.0794128
0.0793129
0.0792129
0.0791129
0.0790129
0.0789129
0.0788129
0.0787129
0.078613
0.078513
0.078413
0.078313
0.078213
0.078113
0.078013
0.0779131
0.0778131
0.0777131
0.0776131
0.0775131
0.0774131
0.0773131
0.0772132
0.0771132
0.0770132
0.0769132
0.0768132
0.0767132
0.0766132
0.0765132
0.0764133
0.0763133
0.0762133
0.0761133
0.0760133
0.0759133
0.0758133
0.0757133
0.0756133
0.0755134
0.0754134
0.0753134
0.0752134
0.0751134
0.0750134
0.0749134
0.0748134
0.0747134
0.0746134
0.0745135
0.0744135
0.0743135
0.0742135
0.0741135
0.0740135
0.0739135
0.0738135
0.0737135
0.0736135
0.0735136
0.0734136
0.0733136
0.0732136
0.0731136
0.0730136
0.0729136
0.0728136
0.0727136
0.0726136
0.0725136
0.0724137
0.0723137
0.0722137
0.0721137
0.0720137
0.0719137
0.0718137
0.0717137
0.0716137
0.0715137
0.0714137
0.0713137
0.0712137
0.0711138
0.0710138
0.0709138
0.0708138
0.0707138
0.0706138
0.0705138
0.0704138
0.0703138
0.0702138
0.0701138
0.0700138
0.0699138
0.0698138
0.0697138
0.0696138
0.0695138
0.0694139
0.0693139
0.0692139
0.0691139
0.0690139
0.0689139
0.0688139
0.0687139
0.0686139
0.0685139
0.0684139
0.0683139
0.0682139
0.0681139
0.0680139
0.0679139
0.0678139
0.0677139
0.0676139
0.0675139
0.0674139
0.0673139
0.067214
0.067114
0.067014
0.066914
0.066814
0.066714
0.066614
0.066514
0.066414
0.066314
0.066214
0.066114
0.066014
0.065914
0.065814
0.065714
0.065614
0.065514
0.065414
0.065314
0.065214
0.065114
0.065014
0.064914
0.064814
0.064714
0.064614
0.064514
0.064414
0.064314
0.064214
0.064114
0.064014
0.063914
0.063814
0.063714
0.063614
0.063514
0.063414
0.063314
0.063214
0.063114
0.063014
0.062914
0.062814
0.062714
0.062614
0.062514
0.062414
0.062314
0.062214
0.062114
0.062014
0.061914
0.061814
0.061714
0.061614
0.061514
0.061414
0.061314
0.061214
0.061114
0.061014
0.060914
0.060814
0.060714
0.060614
0.060514
0.060414
0.060314
0.060214
0.060114
0.060014
0.059914
0.059814
0.059714
0.059614
0.059514
0.059414
0.059314
0.0592139
0.0591139
0.0590139
0.0589139
0.0588139
0.0587139
0.0586139
0.0585139
0.0584139
0.0583139
0.0582139
0.0581139
0.0580139
0.0579139
0.0578139
0.0577139
0.0576139
0.0575139
0.0574139
0.0573139
0.0572139
0.0571139
0.0570139
0.0569138
0.0568138
0.0567138
0.0566138
0.0565138
0.0564138
0.0563138
0.0562138
0.0561138
0.0560138
0.0559138
0.0558138
0.0557138
0.0556138
0.0555138
0.0554138
0.0553138
0.0552137
0.0551137
0.0550137
0.0549137
0.0548137
0.0547137
0.0546137
0.0545137
0.0544137
0.0543137
0.0542137
0.0541137
0.0540137
0.0539137
0.0538136
0.0537136
0.0536136
0.0535136
0.0534136
0.0533136
0.0532136
0.0531136
0.0530136
0.0529136
0.0528136
0.0527136
0.0526135
0.0525135
0.0524135
0.0523135
0.0522135
0.0521135
0.0520135
0.0519135
0.0518135
0.0517135
0.0516135
0.0515134
0.0514134
0.0513134
0.0512134
0.0511134
0.0510134
0.0509134
0.0508134
0.0507134
0.0506134
0.0505133
0.0504133
0.0503133
0.0502133
0.0501133
0.0500133
0.0499133
0.0498133
0.0497133
0.0496133
0.0495132
0.0494132
0.0493132
0.0492132
0.0491132
0.0490132
0.0489132
0.0488132
0.0487132
0.0486131
0.0485131
0.0484131
0.0483131
0.0482131
0.0481131
0.0480131
0.0479131
0.047813
0.047713
0.047613
0.047513
0.047413
0.047313
0.047213
0.047113
0.0470129
0.0469129
0.0468129
0.0467129
0.0466129
0.0465129
0.0464129
0.0463129
0.0462128
0.0461128
0.0460128
0.0459128
0.0458128
0.0457128
0.0456128
0.0455127
0.0454127
0.0453127
0.0452127
0.0451127
0.0450127
0.0449127
0.0448126
0.0447126
0.0446126
0.0445126
0.0444126
0.0443126
0.0442126
0.0441125
0.0440125
0.0439125
0.0438125
0.0437125
0.0436125
0.0435124
0.0434124
0.0433124
0.0432124
0.0431124
0.0430124
0.0429124
0.0428123
0.0427123
0.0426123
0.0425123
0.0424123
0.0423123
0.0422122
0.0421122
0.0420122
0.0419122
0.0418122
0.0417122
0.0416121
0.0415121
0.0414121
0.0413121
0.0412121
0.0411121
0.041012
0.040912
0.040812
0.040712
0.040612
0.040512
0.0404119
0.0403119
0.0402119
0.0401119
0.0400119
0.0399119
0.0398118
0.0397118
0.0396118
0.0395118
0.0394118
0.0393117
0.0392117
0.0391117
0.0390117
0.0389117
0.0388117
0.0387116
0.0386116
0.0385116
0.0384116
0.0383116
0.0382115
0.0381115
0.0380115
0.0379115
0.0378115
0.0377114
0.0376114
0.0375114
0.0374114
0.0373114
0.0372113
0.0371113
0.0370113
0.0369113
0.0368113
0.0367112
0.0366112
0.0365112
0.0364112
0.0363112
0.0362111
0.0361111
0.0360111
0.0359111
0.0358111
0.035711
0.035611
0.035511
0.035411
0.035311
0.0352109
0.0351109
0.0350109
0.0349109
0.0348109
0.0347108
0.0346108
0.0345108
0.0344108
0.0343107
0.0342107
0.0341107
0.0340107
0.0339107
0.0338106
0.0337106
0.0336106
0.0335106
0.0334106
0.0333105
0.0332105
0.0331105
0.0330105
0.0329104
0.0328104
0.0327104
0.0326104
0.0325104
0.0324103
0.0323103
0.0322103
0.0321103
0.0320102
0.0319102
0.0318102
0.0317102
0.0316101
0.0315101
0.0314101
0.0313101
0.0312101
0.03111
0.03101
0.03091
0.03081
0.0307099
0.0306099
0.0305099
0.0304099
0.0303098
0.0302098
0.0301098
0.0300098
0.0299097
0.0298097
0.0297097
0.0296097
0.0295096
0.0294096
0.0293096
0.0292096
0.0291095
0.0290095
0.0289095
0.0288095
0.0287094
0.0286094
0.0285094
0.0284094
0.0283093
0.0282093
0.0281093
0.0280093
0.0279092
0.0278092
0.0277092
0.0276092
0.0275091
0.0274091
0.0273091
0.0272091
0.027109
0.027009
0.026909
0.026809
0.0267089
0.0266089
0.0265089
0.0264089
0.0263088
0.0262088
0.0261088
0.0260087
0.0259087
0.0258087
0.0257087
0.0256086
0.0255086
0.0254086
0.0253086
0.0252085
0.0251085
0.0250085
0.0249085
0.0248084
0.0247084
0.0246084
0.0245083
0.0244083
0.0243083
0.0242083
0.0241082
0.0240082
0.0239082
0.0238081
0.0237081
0.0236081
0.0235081
0.023408
0.023308
0.023208
0.023108
0.0230079
0.0229079
0.0228079
0.0227078
0.0226078
0.0225078
0.0224078
0.0223077
0.0222077
0.0221077
0.0220076
0.0219076
0.0218076
0.0217075
0.0216075
0.0215075
0.0214075
0.0213074
0.0212074
0.0211074
0.0210073
0.0209073
0.0208073
0.0207073
0.0206072
0.0205072
0.0204072
0.0203071
0.0202071
0.0201071
0.020007
0.019907
0.019807
0.019707
0.0196069
0.0195069
0.0194069
0.0193068
0.0192068
0.0191068
0.0190067
0.0189067
0.0188067
0.0187067
0.0186066
0.0185066
0.0184066
0.0183065
0.0182065
0.0181065
0.0180064
0.0179064
0.0178064
0.0177063
0.0176063
0.0175063
0.0174062
0.0173062
0.0172062
0.0171062
0.0170061
0.0169061
0.0168061
0.016706
0.016606
0.016506
0.0164059
0.0163059
0.0162059
0.0161058
0.0160058
0.0159058
0.0158057
0.0157057
0.0156057
0.0155056
0.0154056
0.0153056
0.0152055
0.0151055
0.0150055
0.0149054
0.0148054
0.0147054
0.0146053
0.0145053
0.0144053
0.0143052
0.0142052
0.0141052
0.0140051
0.0139051
0.0138051
0.013705
0.013605
0.013505
0.0134049
0.0133049
0.0132049
0.0131048
0.0130048
0.0129048
0.0128047
0.0127047
0.0126047
0.0125046
0.0124046
0.0123046
0.0122045
0.0121045
0.0120045
0.0119044
0.0118044
0.0117044
0.0116043
0.0115043
0.0114043
0.0113042
0.0112042
0.0111042
0.0110041
0.0109041
0.0108041
0.010704
0.010604
0.010504
0.0104039
0.0103039
0.0102038
0.0101038
0.0100038
0.00990374
0.0098037
0.00970367
0.00960363
0.0095036
0.00940356
0.00930353
0.00920349
0.00910345
0.00900342
0.00890338
0.00880335
0.00870331
0.00860328
0.00850324
0.0084032
0.00830317
0.00820313
0.00810309
0.00800306
0.00790302
0.00780299
0.00770295
0.00760291
0.00750288
0.00740284
0.0073028
0.00720277
0.00710273
0.00700269
0.00690266
0.00680262
0.00670258
0.00660255
0.00650251
0.00640247
0.00630243
0.0062024
0.00610236
0.00600232
0.00590228
0.00580225
0.00570221
0.00560217
0.00550214
0.0054021
0.00530206
0.00520202
0.00510198
0.00500195
0.00490191
0.00480187
0.00470183
0.0046018
0.00450176
0.00440172
0.00430168
0.00420164
0.00410161
0.00400157
0.00390153
0.00380149
0.00370145
0.00360141
0.00350138
0.00340134
0.0033013
0.00320126
0.00310122
0.00300118
0.00290114
0.0028011
0.00270107
0.00260103
0.00250099
0.00240095
0.00230091
0.00220087
0.00210083
0.00200079
0.00190075
0.00180071
0.00170067
0.00160064
0.0015006
0.00140056
0.00130052
0.00120048
0.00110044
0.0010004
0.000900359
0.000800319
0.00070028
0.00060024
0.0005002
0.00040016
0.00030012
0.00020008
0.00010004
