7e-05
0
0.054829
0.0808271
0.10592
0.130136
0.153501
0.176044
0.197788
0.218759
0.238981
0.258477
0.277269
0.29538
0.312831
0.329642
0.345833
0.361423
0.376431
0.390875
0.404773
0.418141
0.430996
0.443354
0.45523
0.46664
0.477597
0.488116
0.49821
0.507893
0.517178
0.526076
0.5346
0.542761
0.550571
0.55804
0.565179
0.571999
0.578509
0.584719
0.590638
0.596276
0.60164
0.60674
0.611584
0.616179
0.620533
0.624655
0.62855
0.632227
0.635691
0.63895
0.64201
0.644877
0.647556
0.650055
0.652378
0.654531
0.656519
0.658348
0.660022
0.661546
0.662924
0.664162
0.665263
0.666233
0.667074
0.667791
0.668388
0.668869
0.669236
0.669495
0.669647
0.669696
0.669647
0.6695
0.669261
0.66893
0.668512
0.66801
0.667424
0.666759
0.666017
0.6652
0.66431
0.66335
0.662322
0.661228
0.66007
0.65885
0.657569
0.656231
0.654836
0.653387
0.651884
0.650331
0.648727
0.647076
0.645378
0.643634
0.641847
0.640017
0.638147
0.636236
0.634287
0.6323
0.630277
0.628219
0.626127
0.624002
0.621845
0.619657
0.617439
0.615192
0.612917
0.610614
0.608285
0.605931
0.603551
0.601148
0.598721
0.596271
0.5938
0.591308
0.588795
0.586262
0.58371
0.581139
0.57855
0.575943
0.573319
0.570679
0.568023
0.565352
0.562665
0.559964
0.557249
0.554521
0.551779
0.549024
0.546257
0.543478
0.540687
0.537885
0.535072
0.532248
0.529414
0.52657
0.523717
0.520854
0.517982
0.515102
0.512213
0.509315
0.50641
0.503497
0.500576
0.497649
0.494714
0.491772
0.488824
0.485869
0.482909
0.479942
0.476969
0.473991
0.471007
0.468018
0.465024
0.462025
0.459021
0.456012
0.452999
0.449982
0.44696
0.443934
0.440904
0.43787
0.434833
0.431792
0.428747
0.425699
0.422648
0.419594
0.416536
0.413475
0.410412
0.407346
0.404277
0.401205
0.398131
0.395054
0.391975
0.388893
0.38581
0.382724
0.379636
0.376546
0.373454
0.37036
0.367264
0.364166
0.361067
0.357966
0.354863
0.351758
0.348653
0.345545
0.342436
0.339326
0.336214
0.333101
0.329987
0.326872
0.323755
0.320637
0.317518
0.314398
0.311277
0.308155
0.305032
0.301908
0.298783
0.295657
0.29253
0.289402
0.286274
0.283144
0.280014
0.276883
0.273752
0.27062
0.267487
0.264353
0.261219
0.258084
0.254949
0.251813
0.248676
0.245539
0.242401
0.239263
0.236124
0.232985
0.229846
0.226706
0.223565
0.220424
0.217283
0.214141
0.210999
0.207856
0.204714
0.20157
0.198427
0.195283
0.192139
0.188994
0.185849
0.182704
0.179559
0.176413
0.173267
0.170121
0.166975
0.163828
0.160681
0.157534
0.154387
0.151239
0.148091
0.144943
0.141795
0.138647
0.135498
0.13235
0.129201
0.126052
0.122903
0.119753
0.116604
0.113454
0.110304
0.107154
0.104004
0.100854
0.0977039
0.0945535
0.091403
0.0882523
0.0851016
0.0819507
0.0787997
0.0756487
0.0724975
0.0693463
0.0661949
0.0630435
0.0598919
0.0567403
0.0535887
0.0504369
0.0472851
0.0441332
0.0409812
0.0378291
0.034677
0.0315249
0.0283726
0.0252203
0.022068
0.0189156
0.0157631
0.0126106
0.009458
0.00630538
0.00315271
