3.7e-05
0
0.0351408
0.0521332
0.0687503
0.0849995
0.100888
0.116424
0.131612
0.146462
0.160978
0.175168
0.189038
0.202595
0.215844
0.228792
0.241444
0.253807
0.265887
0.277688
0.289217
0.300478
0.311477
0.32222
0.33271
0.342954
0.352956
0.362721
0.372254
0.381559
0.39064
0.399503
0.408151
0.416588
0.42482
0.432849
0.44068
0.448317
0.455764
0.463024
0.470101
0.476998
0.48372
0.49027
0.496651
0.502866
0.508919
0.514813
0.520551
0.526137
0.531572
0.536861
0.542005
0.547009
0.551874
0.556603
0.5612
0.565666
0.570005
0.574218
0.578309
0.58228
0.586132
0.589869
0.593493
0.597006
0.600409
0.603707
0.606899
0.609989
0.612978
0.615869
0.618664
0.621363
0.62397
0.626486
0.628913
0.631252
0.633506
0.635676
0.637763
0.63977
0.641697
0.643547
0.645322
0.647021
0.648648
0.650203
0.651687
0.653103
0.654452
0.655734
0.656952
0.658106
0.659198
0.660229
0.6612
0.662113
0.662968
0.663766
0.66451
0.665199
0.665835
0.666419
0.666952
0.667436
0.66787
0.668256
0.668595
0.668888
0.669136
0.66934
0.669499
0.669617
0.669692
0.669727
0.669722
0.669677
0.669593
0.669472
0.669314
0.66912
0.668889
0.668624
0.668325
0.667993
0.667627
0.667229
0.6668
0.666339
0.665849
0.665328
0.664779
0.6642
0.663594
0.66296
0.6623
0.661613
0.6609
0.660162
0.659399
0.658611
0.6578
0.656965
0.656108
0.655228
0.654325
0.653402
0.652457
0.651491
0.650505
0.649499
0.648473
0.647428
0.646365
0.645283
0.644182
0.643065
0.64193
0.640777
0.639609
0.638423
0.637222
0.636005
0.634773
0.633526
0.632264
0.630987
0.629696
0.628391
0.627073
0.625741
0.624396
0.623038
0.621668
0.620285
0.61889
0.617483
0.616065
0.614635
0.613194
0.611742
0.610279
0.608806
0.607322
0.605828
0.604325
0.602811
0.601288
0.599756
0.598215
0.596664
0.595105
0.593537
0.591961
0.590376
0.588784
0.587183
0.585575
0.583958
0.582335
0.580704
0.579066
0.57742
0.575768
0.574109
0.572443
0.570771
0.569093
0.567408
0.565717
0.56402
0.562317
0.560608
0.558894
0.557174
0.555448
0.553718
0.551982
0.55024
0.548494
0.546743
0.544987
0.543227
0.541461
0.539691
0.537917
0.536138
0.534355
0.532568
0.530777
0.528981
0.527182
0.525379
0.523572
0.521761
0.519947
0.518129
0.516307
0.514482
0.512654
0.510822
0.508987
0.507149
0.505308
0.503464
0.501617
0.499766
0.497913
0.496057
0.494199
0.492337
0.490473
0.488607
0.486738
0.484866
0.482992
0.481115
0.479236
0.477355
0.475472
0.473586
0.471698
0.469808
0.467916
0.466022
0.464126
0.462227
0.460327
0.458425
0.456522
0.454616
0.452709
0.450799
0.448889
0.446976
0.445062
0.443146
0.441229
0.43931
0.437389
0.435467
0.433544
0.431619
0.429693
0.427765
0.425836
0.423906
0.421974
0.420041
0.418107
0.416172
0.414235
0.412298
0.410359
0.408419
0.406478
0.404536
0.402592
0.400648
0.398703
0.396757
0.394809
0.392861
0.390912
0.388962
0.387011
0.385059
0.383106
0.381153
0.379198
0.377243
0.375287
0.37333
0.371373
0.369414
0.367455
0.365495
0.363535
0.361574
0.359612
0.357649
0.355686
0.353722
0.351757
0.349792
0.347826
0.34586
0.343893
0.341926
0.339958
0.337989
0.33602
0.33405
0.33208
0.330109
0.328138
0.326166
0.324194
0.322222
0.320248
0.318275
0.316301
0.314327
0.312352
0.310376
0.308401
0.306425
0.304448
0.302471
0.300494
0.298517
0.296539
0.29456
0.292582
0.290603
0.288623
0.286644
0.284664
0.282684
0.280703
0.278722
0.276741
0.27476
0.272778
0.270796
0.268813
0.266831
0.264848
0.262865
0.260882
0.258898
0.256914
0.25493
0.252946
0.250961
0.248976
0.246991
0.245006
0.243021
0.241035
0.239049
0.237063
0.235077
0.233091
0.231104
0.229118
0.227131
0.225143
0.223156
0.221169
0.219181
0.217193
0.215205
0.213217
0.211229
0.209241
0.207252
0.205263
0.203274
0.201286
0.199296
0.197307
0.195318
0.193328
0.191339
0.189349
0.187359
0.185369
0.183379
0.181389
0.179398
0.177408
0.175417
0.173427
0.171436
0.169445
0.167454
0.165463
0.163472
0.161481
0.159489
0.157498
0.155506
0.153515
0.151523
0.149531
0.14754
0.145548
0.143556
0.141564
0.139571
0.137579
0.135587
0.133595
0.131602
0.12961
0.127617
0.125624
0.123632
0.121639
0.119646
0.117653
0.11566
0.113667
0.111674
0.109681
0.107688
0.105695
0.103701
0.101708
0.0997148
0.0977214
0.0957279
0.0937344
0.0917408
0.0897472
0.0877536
0.0857599
0.0837662
0.0817724
0.0797786
0.0777847
0.0757908
0.0737969
0.0718029
0.0698089
0.0678148
0.0658208
0.0638266
0.0618325
0.0598383
0.0578441
0.0558498
0.0538556
0.0518612
0.0498669
0.0478725
0.0458781
0.0438837
0.0418892
0.0398947
0.0379002
0.0359057
0.0339111
0.0319165
0.0299219
0.0279273
0.0259326
0.0239379
0.0219432
0.0199485
0.0179537
0.0159589
0.0139642
0.0119693
0.00997449
0.00797963
0.00598475
0.00398985
0.00199494
