1.3e-05
0
0.178301
0.253403
0.320318
0.379825
0.432629
0.479367
0.520617
0.556901
0.588692
0.616417
0.640464
0.661182
0.678887
0.693868
0.706383
0.716666
0.72493
0.731367
0.736152
0.739441
0.741376
0.742087
0.74169
0.74029
0.737983
0.734855
0.730985
0.726442
0.721291
0.71559
0.709392
0.702742
0.695685
0.68826
0.6805
0.672439
0.664104
0.655522
0.646716
0.637708
0.628517
0.61916
0.609653
0.600011
0.590245
0.580369
0.570392
0.560324
0.550174
0.539949
0.529657
0.519304
0.508896
0.498438
0.487935
0.47739
0.466809
0.456195
0.44555
0.434878
0.424181
0.413461
0.402721
0.391963
0.381188
0.370399
0.359595
0.34878
0.337953
0.327116
0.31627
0.305416
0.294554
0.283685
0.272811
0.261931
0.251046
0.240156
0.229262
0.218365
0.207464
0.19656
0.185653
0.174744
0.163833
0.15292
0.142004
0.131087
0.120169
0.109249
0.0983283
0.0874062
0.0764831
0.065559
0.0546342
0.0437086
0.0327823
0.0218554
0.010928
