5e-05
0
0.0179822
0.0268243
0.0355684
0.0442154
0.0527663
0.0612222
0.0695838
0.0778522
0.0860283
0.094113
0.102107
0.110012
0.117828
0.125556
0.133197
0.140752
0.148222
0.155608
0.16291
0.170129
0.177267
0.184323
0.191299
0.198196
0.205014
0.211754
0.218417
0.225004
0.231515
0.237951
0.244313
0.250602
0.256818
0.262963
0.269036
0.275039
0.280972
0.286836
0.292631
0.298359
0.30402
0.309614
0.315143
0.320606
0.326005
0.331341
0.336613
0.341823
0.346971
0.352058
0.357084
0.36205
0.366956
0.371804
0.376593
0.381325
0.386
0.390618
0.39518
0.399686
0.404138
0.408536
0.412879
0.41717
0.421407
0.425593
0.429726
0.433809
0.437841
0.441822
0.445755
0.449637
0.453472
0.457258
0.460996
0.464687
0.468332
0.47193
0.475482
0.478989
0.48245
0.485868
0.489241
0.492571
0.495857
0.499101
0.502303
0.505462
0.508581
0.511658
0.514694
0.51769
0.520647
0.523563
0.526441
0.52928
0.532081
0.534844
0.537569
0.540258
0.542909
0.545524
0.548103
0.550646
0.553154
0.555627
0.558065
0.560469
0.562839
0.565176
0.567479
0.569749
0.571987
0.574192
0.576365
0.578507
0.580617
0.582696
0.584745
0.586763
0.58875
0.590709
0.592637
0.594537
0.596407
0.598249
0.600062
0.601847
0.603605
0.605335
0.607038
0.608713
0.610362
0.611985
0.613581
0.615152
0.616697
0.618216
0.61971
0.62118
0.622624
0.624045
0.625441
0.626813
0.628161
0.629486
0.630788
0.632067
0.633323
0.634556
0.635768
0.636957
0.638124
0.639269
0.640394
0.641496
0.642578
0.643639
0.64468
0.6457
0.6467
0.64768
0.64864
0.64958
0.650502
0.651403
0.652286
0.65315
0.653996
0.654823
0.655632
0.656422
0.657195
0.65795
0.658687
0.659408
0.66011
0.660796
0.661465
0.662118
0.662753
0.663373
0.663976
0.664563
0.665134
0.66569
0.66623
0.666754
0.667264
0.667758
0.668237
0.668701
0.669151
0.669586
0.670007
0.670414
0.670807
0.671185
0.67155
0.671901
0.672239
0.672563
0.672874
0.673172
0.673457
0.673728
0.673988
0.674234
0.674468
0.67469
0.674899
0.675097
0.675282
0.675456
0.675617
0.675767
0.675906
0.676033
0.676149
0.676253
0.676347
0.676429
0.676501
0.676562
0.676612
0.676652
0.676681
0.6767
0.676709
0.676708
0.676696
0.676675
0.676644
0.676603
0.676552
0.676492
0.676423
0.676344
0.676256
0.676159
0.676052
0.675937
0.675813
0.67568
0.675538
0.675388
0.675229
0.675061
0.674886
0.674702
0.674509
0.674309
0.674101
0.673884
0.67366
0.673428
0.673188
0.672941
0.672686
0.672423
0.672153
0.671876
0.671591
0.671299
0.671
0.670694
0.670381
0.670062
0.669735
0.669401
0.669061
0.668714
0.66836
0.668
0.667634
0.667261
0.666882
0.666496
0.666105
0.665707
0.665303
0.664893
0.664477
0.664055
0.663628
0.663194
0.662755
0.66231
0.66186
0.661404
0.660942
0.660475
0.660003
0.659525
0.659042
0.658554
0.658061
0.657562
0.657059
0.65655
0.656036
0.655518
0.654994
0.654466
0.653933
0.653395
0.652853
0.652306
0.651754
0.651198
0.650637
0.650072
0.649502
0.648928
0.64835
0.647767
0.647181
0.646589
0.645994
0.645395
0.644792
0.644184
0.643573
0.642957
0.642338
0.641715
0.641088
0.640457
0.639822
0.639184
0.638542
0.637896
0.637247
0.636594
0.635938
0.635278
0.634615
0.633948
0.633278
0.632604
0.631927
0.631247
0.630563
0.629877
0.629187
0.628494
0.627797
0.627098
0.626396
0.62569
0.624982
0.62427
0.623556
0.622838
0.622118
0.621395
0.620669
0.61994
0.619208
0.618474
0.617737
0.616997
0.616254
0.615509
0.614761
0.614011
0.613258
0.612503
0.611745
0.610984
0.610221
0.609456
0.608688
0.607918
0.607145
0.60637
0.605593
0.604813
0.604031
0.603247
0.602461
0.601672
0.600881
0.600088
0.599293
0.598496
0.597696
0.596895
0.596092
0.595286
0.594478
0.593669
0.592857
0.592044
0.591228
0.590411
0.589592
0.58877
0.587947
0.587122
0.586296
0.585467
0.584637
0.583805
0.582971
0.582135
0.581298
0.580459
0.579618
0.578775
0.577931
0.577086
0.576238
0.575389
0.574539
0.573687
0.572833
0.571978
0.571121
0.570263
0.569403
0.568542
0.567679
0.566815
0.565949
0.565082
0.564213
0.563344
0.562472
0.5616
0.560726
0.55985
0.558974
0.558096
0.557217
0.556336
0.555454
0.554571
0.553687
0.552801
0.551914
0.551026
0.550137
0.549247
0.548355
0.547462
0.546568
0.545673
0.544777
0.54388
0.542981
0.542082
0.541181
0.540279
0.539376
0.538473
0.537568
0.536662
0.535755
0.534847
0.533938
0.533028
0.532117
0.531205
0.530292
0.529378
0.528463
0.527548
0.526631
0.525714
0.524795
0.523876
0.522955
0.522034
0.521112
0.520189
0.519265
0.518341
0.517415
0.516489
0.515562
0.514634
0.513705
0.512776
0.511846
0.510914
0.509983
0.50905
0.508117
0.507182
0.506248
0.505312
0.504376
0.503438
0.502501
0.501562
0.500623
0.499683
0.498742
0.497801
0.496859
0.495917
0.494973
0.494029
0.493085
0.49214
0.491194
0.490247
0.4893
0.488353
0.487404
0.486455
0.485506
0.484556
0.483605
0.482654
0.481702
0.480749
0.479796
0.478843
0.477889
0.476934
0.475979
0.475023
0.474067
0.47311
0.472153
0.471195
0.470237
0.469278
0.468319
0.467359
0.466398
0.465438
0.464476
0.463515
0.462552
0.46159
0.460627
0.459663
0.458699
0.457735
0.45677
0.455804
0.454838
0.453872
0.452905
0.451938
0.450971
0.450003
0.449035
0.448066
0.447097
0.446127
0.445157
0.444187
0.443216
0.442245
0.441274
0.440302
0.43933
0.438357
0.437384
0.436411
0.435437
0.434463
0.433489
0.432514
0.431539
0.430564
0.429588
0.428612
0.427636
0.426659
0.425682
0.424705
0.423727
0.422749
0.421771
0.420793
0.419814
0.418835
0.417855
0.416875
0.415895
0.414915
0.413934
0.412953
0.411972
0.410991
0.410009
0.409027
0.408045
0.407062
0.406079
0.405096
0.404113
0.40313
0.402146
0.401162
0.400177
0.399193
0.398208
0.397223
0.396238
0.395252
0.394266
0.39328
0.392294
0.391308
0.390321
0.389334
0.388347
0.38736
0.386372
0.385384
0.384396
0.383408
0.38242
0.381431
0.380442
0.379453
0.378464
0.377475
0.376485
0.375495
0.374505
0.373515
0.372525
0.371534
0.370544
0.369553
0.368562
0.36757
0.366579
0.365587
0.364596
0.363604
0.362612
0.361619
0.360627
0.359634
0.358641
0.357649
0.356655
0.355662
0.354669
0.353675
0.352681
0.351688
0.350694
0.349699
0.348705
0.347711
0.346716
0.345721
0.344726
0.343731
0.342736
0.341741
0.340745
0.33975
0.338754
0.337758
0.336762
0.335766
0.33477
0.333773
0.332777
0.33178
0.330784
0.329787
0.32879
0.327793
0.326795
0.325798
0.324801
0.323803
0.322805
0.321808
0.32081
0.319812
0.318814
0.317815
0.316817
0.315819
0.31482
0.313821
0.312823
0.311824
0.310825
0.309826
0.308827
0.307827
0.306828
0.305828
0.304829
0.303829
0.30283
0.30183
0.30083
0.29983
0.29883
0.29783
0.296829
0.295829
0.294828
0.293828
0.292827
0.291827
0.290826
0.289825
0.288824
0.287823
0.286822
0.285821
0.28482
0.283818
0.282817
0.281815
0.280814
0.279812
0.27881
0.277809
0.276807
0.275805
0.274803
0.273801
0.272799
0.271796
0.270794
0.269792
0.268789
0.267787
0.266784
0.265782
0.264779
0.263776
0.262774
0.261771
0.260768
0.259765
0.258762
0.257759
0.256756
0.255753
0.254749
0.253746
0.252743
0.251739
0.250736
0.249732
0.248729
0.247725
0.246721
0.245717
0.244714
0.24371
0.242706
0.241702
0.240698
0.239694
0.23869
0.237686
0.236681
0.235677
0.234673
0.233668
0.232664
0.23166
0.230655
0.229651
0.228646
0.227641
0.226637
0.225632
0.224627
0.223623
0.222618
0.221613
0.220608
0.219603
0.218598
0.217593
0.216588
0.215583
0.214578
0.213572
0.212567
0.211562
0.210557
0.209551
0.208546
0.207541
0.206535
0.20553
0.204524
0.203519
0.202513
0.201507
0.200502
0.199496
0.19849
0.197485
0.196479
0.195473
0.194467
0.193461
0.192455
0.191449
0.190443
0.189437
0.188431
0.187425
0.186419
0.185413
0.184407
0.183401
0.182395
0.181388
0.180382
0.179376
0.17837
0.177363
0.176357
0.175351
0.174344
0.173338
0.172331
0.171325
0.170318
0.169312
0.168305
0.167299
0.166292
0.165285
0.164279
0.163272
0.162265
0.161259
0.160252
0.159245
0.158238
0.157231
0.156225
0.155218
0.154211
0.153204
0.152197
0.15119
0.150183
0.149176
0.148169
0.147162
0.146155
0.145148
0.144141
0.143134
0.142127
0.14112
0.140112
0.139105
0.138098
0.137091
0.136084
0.135076
0.134069
0.133062
0.132054
0.131047
0.13004
0.129032
0.128025
0.127018
0.12601
0.125003
0.123996
0.122988
0.121981
0.120973
0.119966
0.118958
0.117951
0.116943
0.115936
0.114928
0.11392
0.112913
0.111905
0.110898
0.10989
0.108882
0.107875
0.106867
0.105859
0.104852
0.103844
0.102836
0.101828
0.100821
0.099813
0.0988052
0.0977974
0.0967896
0.0957818
0.094774
0.0937662
0.0927583
0.0917505
0.0907426
0.0897347
0.0887268
0.0877189
0.086711
0.0857031
0.0846952
0.0836872
0.0826793
0.0816713
0.0806634
0.0796554
0.0786474
0.0776394
0.0766314
0.0756233
0.0746153
0.0736073
0.0725992
0.0715912
0.0705831
0.069575
0.0685669
0.0675588
0.0665507
0.0655426
0.0645345
0.0635264
0.0625182
0.0615101
0.0605019
0.0594938
0.0584856
0.0574774
0.0564692
0.055461
0.0544528
0.0534446
0.0524364
0.0514282
0.0504199
0.0494117
0.0484034
0.0473952
0.0463869
0.0453786
0.0443704
0.0433621
0.0423538
0.0413455
0.0403372
0.0393289
0.0383205
0.0373122
0.0363039
0.0352955
0.0342872
0.0332788
0.0322705
0.0312621
0.0302537
0.0292454
0.028237
0.0272286
0.0262202
0.0252118
0.0242034
0.023195
0.0221866
0.0211781
0.0201697
0.0191613
0.0181528
0.0171444
0.0161359
0.0151275
0.014119
0.0131105
0.0121021
0.0110936
0.0100851
0.00907661
0.00806812
0.00705962
0.00605112
0.00504261
0.0040341
0.00302558
0.00201706
0.00100853
